10.59	1	0.000394369	-68.082	0
10.59	2	2.74266e-005	-91.2366	167.958
11.22	1	0.00383875	-48.3162	0
11.22	2	3.04712e-005	-90.3222	-125.402
11.88	1	0.024949	-32.059	0
11.88	2	0.00020119	-73.9279	-158.266
12.58	1	0.0217525	-33.2498	0
12.58	2	0.000127371	-77.8986	-158.71
13.33	1	0.0251368	-31.9938	0
13.33	2	0.00017358	-75.21	-144.416
14.12	1	0.0248298	-32.1006	0
14.12	2	0.00018438	-74.6857	-151.688
14.96	1	0.0249997	-32.0413	0
14.96	2	0.000188274	-74.5042	-145.386
15.85	1	0.0251327	-31.9952	0
15.85	2	0.00018124	-74.8349	-148.774
16.79	1	0.0248225	-32.1031	0
16.79	2	0.000191865	-74.3401	-149.989
17.78	1	0.0251105	-32.0029	0
17.78	2	0.000172378	-75.2704	-154.72
18.83	1	0.0249996	-32.0413	0
18.83	2	0.000169239	-75.43	-150.823
19.95	1	0.0249999	-32.0412	0
19.95	2	0.000193393	-74.2712	-143.019
21.13	1	0.0250347	-32.0292	0
21.13	2	0.000235685	-72.5534	-135.245
22.38	1	0.0248572	-32.091	0
22.38	2	0.000254774	-71.8769	-138.094
23.71	1	0.0251744	-31.9808	0
23.71	2	0.000245644	-72.1939	-145.666
25.11	1	0.024946	-32.06	0
25.11	2	0.000202339	-73.8784	-119.031
26.6	1	0.0248719	-32.0858	0
26.6	2	0.000233669	-72.628	-133.234
28.18	1	0.0252048	-31.9703	0
28.18	2	0.00019183	-74.3417	-133.944
29.85	1	0.0249092	-32.0728	0
29.85	2	0.000232763	-72.6617	-130.564
31.62	1	0.0249287	-32.066	0
31.62	2	0.000236523	-72.5226	-118.135
33.49	1	0.0249913	-32.0442	0
33.49	2	0.000292694	-70.6717	-128.838
35.47	1	0.025172	-31.9817	0
35.47	2	0.000288301	-70.8031	-124.237
37.57	1	0.0248849	-32.0813	0
37.57	2	0.000282411	-70.9824	-125.127
39.8	1	0.0250477	-32.0246	0
39.8	2	0.000278495	-71.1036	-117.758
42.16	1	0.0248991	-32.0763	0
42.16	2	0.00028591	-70.8754	-121.28
44.66	1	0.0250243	-32.0328	0
44.66	2	0.000330242	-69.6234	-119.929
47.31	1	0.025052	-32.0232	0
47.31	2	0.000305873	-70.2892	-116.949
50.11	1	0.025063	-32.0193	0
50.11	2	0.00029111	-70.7189	-110.631
53.08	1	0.0248854	-32.0811	0
53.08	2	0.000361617	-68.835	-111.514
56.23	1	0.0250159	-32.0357	0
56.23	2	0.000379866	-68.4074	-115.372
59.56	1	0.0250095	-32.0379	0
59.56	2	0.000454076	-66.8574	-112.513
63.09	1	0.025046	-32.0252	0
63.09	2	0.000410896	-67.7254	-106.402
66.83	1	0.0250078	-32.0385	0
66.83	2	0.000485916	-66.2688	-109.656
70.79	1	0.0249159	-32.0705	0
70.79	2	0.000453406	-66.8703	-103.415
74.98	1	0.0250247	-32.0326	0
74.98	2	0.00051557	-65.7543	-101.97
79.42	1	0.0250621	-32.0197	0
79.42	2	0.000508829	-65.8686	-101.733
84.13	1	0.0249305	-32.0654	0
84.13	2	0.000547552	-65.2315	-100.732
89.12	1	0.0251009	-32.0062	0
89.12	2	0.000559671	-65.0413	-96.6128
94.4	1	0.024916	-32.0704	0
94.4	2	0.000607359	-64.3311	-103.192
99.99	1	0.0249401	-32.062	0
99.99	2	0.000615677	-64.2129	-95.2732
105.9	1	0.0251588	-31.9862	0
105.9	2	0.000682885	-63.313	-94.7847
112.2	1	0.0249728	-32.0507	0
112.2	2	0.00072633	-62.7773	-96.1497
118.8	1	0.0248501	-32.0934	0
118.8	2	0.000784748	-62.1054	-92.9837
125.8	1	0.0251749	-31.9806	0
125.8	2	0.000877633	-61.1337	-92.8338
133.3	1	0.0248801	-32.083	0
133.3	2	0.00082848	-61.6344	-91.0736
141.2	1	0.0250074	-32.0386	0
141.2	2	0.00102537	-59.7824	-91.2907
149.6	1	0.0251945	-31.9739	0
149.6	2	0.00110983	-59.0949	-89.3908
158.5	1	0.0248263	-32.1018	0
158.5	2	0.00104905	-59.5841	-85.7096
167.9	1	0.0249482	-32.0592	0
167.9	2	0.00115146	-58.775	-86.5587
177.8	1	0.025134	-31.9948	0
177.8	2	0.00124434	-58.1012	-85.5206
188.3	1	0.0249794	-32.0484	0
188.3	2	0.00126389	-57.9658	-86.609
199.5	1	0.024959	-32.0555	0
199.5	2	0.0013651	-57.2967	-85.7026
211.3	1	0.0250523	-32.023	0
211.3	2	0.00149895	-56.4843	-83.333
223.8	1	0.0248715	-32.086	0
223.8	2	0.00167127	-55.5391	-84.6531
237.1	1	0.0250574	-32.0213	0
237.1	2	0.00174829	-55.1477	-83.7718
251.1	1	0.0251083	-32.0037	0
251.1	2	0.00181446	-54.8251	-82.2361
266	1	0.0248045	-32.1094	0
266	2	0.00198327	-54.0524	-83.2428
281.8	1	0.0252278	-31.9624	0
281.8	2	0.00209797	-53.564	-82.8724
298.5	1	0.0248344	-32.0989	0
298.5	2	0.00230412	-52.7499	-82.2249
316.2	1	0.0250359	-32.0287	0
316.2	2	0.00239035	-52.4308	-81.819
334.9	1	0.0250468	-32.025	0
334.9	2	0.00253285	-51.9278	-81.693
354.7	1	0.0249534	-32.0574	0
354.7	2	0.00297458	-50.5315	-83.133
375.7	1	0.0247928	-32.1135	0
375.7	2	0.00301452	-50.4156	-85.4599
398	1	0.0254526	-31.8854	0
398	2	0.00336821	-49.452	-81.9433
421.6	1	0.024637	-32.1683	0
421.6	2	0.00319808	-49.9022	-83.7927
446.6	1	0.0251962	-31.9733	0
446.6	2	0.00366433	-48.7201	-82.0375
473.1	1	0.0249694	-32.0518	0
473.1	2	0.00386757	-48.2512	-82.4673
501.1	1	0.0249019	-32.0753	0
501.1	2	0.00412825	-47.6847	-83.4795
530.8	1	0.0249622	-32.0543	0
530.8	2	0.00431717	-47.296	-84.47
562.3	1	0.0249853	-32.0463	0
562.3	2	0.00465145	-46.6482	-85.627
595.6	1	0.0252675	-31.9488	0
595.6	2	0.0051438	-45.7743	-83.7708
630.9	1	0.0248249	-32.1022	0
630.9	2	0.00552108	-45.1595	-83.0362
668.3	1	0.0252078	-31.9693	0
668.3	2	0.0055857	-45.0585	-81.1572
707.9	1	0.0245411	-32.2021	0
707.9	2	0.00603472	-44.3869	-82.8238
749.8	1	0.0253163	-31.932	0
749.8	2	0.00644961	-43.8093	-81.659
794.2	1	0.0247151	-32.1407	0
794.2	2	0.00703346	-43.0566	-83.8965
841.3	1	0.0252389	-31.9586	0
841.3	2	0.00761327	-42.3686	-83.2209
891.2	1	0.0248233	-32.1028	0
891.2	2	0.00785046	-42.1021	-84.0102
944	1	0.0249965	-32.0424	0
944	2	0.0084564	-41.4563	-84.5777
999.9	1	0.0250185	-32.0348	0
999.9	2	0.00904693	-40.87	-84.9017
1059	1	0.0248446	-32.0953	0
1059	2	0.00959338	-40.3606	-85.8463
1122	1	0.0253212	-31.9303	0
1122	2	0.0104224	-39.6407	-84.3591
1188	1	0.0244792	-32.2241	0
1188	2	0.0103738	-39.6813	-87.6975
1258	1	0.0254823	-31.8752	0
1258	2	0.0115909	-38.7176	-85.86
1333	1	0.0248192	-32.1042	0
1333	2	0.0119999	-38.4164	-86.3477
1412	1	0.0249484	-32.0591	0
1412	2	0.0123406	-38.1733	-87.4305
1496	1	0.0249675	-32.0525	0
1496	2	0.0139281	-37.1221	-85.677
1585	1	0.0248267	-32.1016	0
1585	2	0.0145818	-36.7238	-86.2215
1679	1	0.0252598	-31.9514	0
1679	2	0.0155915	-36.1422	-86.4592
1778	1	0.0244315	-32.241	0
1778	2	0.0163796	-35.7139	-87.6007
1883	1	0.024946	-32.06	0
1883	2	0.0178615	-34.9616	-89.1042
1995	1	0.025961	-31.7136	0
1995	2	0.0186912	-34.5673	-88.7159
2113	1	0.0241306	-32.3486	0
2113	2	0.0187012	-34.5626	-89.199
2238	1	0.0252967	-31.9387	0
2238	2	0.0211007	-33.5141	-88.6538
2371	1	0.0247171	-32.14	0
2371	2	0.0222577	-33.0504	-88.313
2511	1	0.0250367	-32.0285	0
2511	2	0.0240588	-32.3745	-88.2436
2660	1	0.0252362	-31.9595	0
2660	2	0.0248219	-32.1033	-89.4979
2818	1	0.0243132	-32.2832	0
2818	2	0.0268617	-31.4173	-88.0777
2985	1	0.026062	-31.6799	0
2985	2	0.0294774	-30.6102	-87.2655
3162	1	0.0241912	-32.3268	0
3162	2	0.0285806	-30.8786	-89.0534
3349	1	0.025677	-31.8091	0
3349	2	0.0311695	-30.1254	-89.527
3547	1	0.0237251	-32.4958	0
3547	2	0.0321252	-29.8631	-88.6092
3757	1	0.022921	-32.7953	0
3757	2	0.0319759	-29.9035	-88.0135
3980	1	0.0272788	-31.2835	0
3980	2	0.0401222	-27.9323	-88.1142
4216	1	0.0276287	-31.1728	0
4216	2	0.0406334	-27.8223	-89.8297
4466	1	0.0234184	-32.6088	0
4466	2	0.0365216	-28.749	-89.6924
4731	1	0.0252466	-31.9559	0
4731	2	0.0424708	-27.4382	-89.1003
5011	1	0.0245305	-32.2059	0
5011	2	0.0432161	-27.2871	-89.1956
5308	1	0.0248695	-32.0867	0
5308	2	0.0464184	-26.6662	-88.798
5623	1	0.0249602	-32.0551	0
5623	2	0.0491112	-26.1764	-88.9088
5956	1	0.0261377	-31.6546	0
5956	2	0.0527555	-25.5547	-88.9738
6309	1	0.0249363	-32.0634	0
6309	2	0.0521263	-25.6589	-88.5071
6683	1	0.0241728	-32.3335	0
6683	2	0.0534499	-25.4411	-88.557
7079	1	0.0245052	-32.2148	0
7079	2	0.0593812	-24.527	-87.3526
7498	1	0.0254022	-31.9026	0
7498	2	0.065352	-23.6948	-86.4628
7942	1	0.0257747	-31.7761	0
7942	2	0.0672559	-23.4454	-86.9933
8413	1	0.0240721	-32.3697	0
8413	2	0.0665692	-23.5345	-86.4144
8912	1	0.0246427	-32.1662	0
8912	2	0.0740352	-22.6112	-84.9343
9440	1	0.0256794	-31.8083	0
9440	2	0.0803329	-21.9021	-84.9332
9999	1	0.0255622	-31.848	0
9999	2	0.0818037	-21.7445	-84.2786
10590	1	0.0232976	-32.6538	0
10590	2	0.0825612	-21.6645	-82.4379
11220	1	0.0262995	-31.6011	0
11220	2	0.0969158	-20.2721	-81.8884
11880	1	0.0247696	-32.1216	0
11880	2	0.0959062	-20.3631	-81.0257
12580	1	0.0246478	-32.1645	0
12580	2	0.102275	-19.8046	-79.7403
13330	1	0.0252372	-31.9592	0
13330	2	0.110746	-19.1135	-78.5494
14120	1	0.0246954	-32.1477	0
14120	2	0.112054	-19.0114	-77.3971
14960	1	0.0225642	-32.9316	0
14960	2	0.112892	-18.9467	-75.6121
15850	1	0.0220361	-33.1373	0
15850	2	0.113176	-18.9249	-75.2776
16790	1	0.0209934	-33.5583	0
16790	2	0.113716	-18.8836	-74.2267
17780	1	0.019676	-34.1213	0
17780	2	0.114245	-18.8432	-72.6314
18830	1	0.0185933	-34.6129	0
18830	2	0.114822	-18.7995	-70.7592
19950	1	0.017851	-34.9667	0
19950	2	0.115368	-18.7583	-69.1463
21130	1	0.0164252	-35.6898	0
21130	2	0.115865	-18.721	-67.0696
22380	1	0.014754	-36.6218	0
22380	2	0.116713	-18.6576	-62.5527
23710	1	0.0149726	-36.4941	0
23710	2	0.116511	-18.6727	-64.1339
25110	1	0.0141888	-36.9611	0
25110	2	0.117056	-18.6321	-61.7281
26600	1	0.0135219	-37.3792	0
26600	2	0.117463	-18.602	-59.1755
28180	1	0.00930395	-40.6266	0
28180	2	0.116063	-18.7061	-57.0618
29850	1	0.0102767	-39.7629	0
29850	2	0.116605	-18.6657	-58.0982
31620	1	0.0095654	-40.3859	0
31620	2	0.116827	-18.6491	-55.4008
33490	1	0.0092556	-40.6719	0
33490	2	0.117145	-18.6256	-52.884
35470	1	0.00875306	-41.1568	0
35470	2	0.117582	-18.5932	-48.3168
37570	1	0.00814303	-41.7843	0
37570	2	0.117694	-18.5849	-44.8894
39800	1	0.00758379	-42.4023	0
39800	2	0.117682	-18.5858	-42.3556
42160	1	0.00706112	-43.0225	0
42160	2	0.117723	-18.5828	-38.6049
44660	1	0.00654453	-43.6824	0
44660	2	0.117692	-18.5851	-35.2403
47310	1	0.00596359	-44.4899	0
47310	2	0.11762	-18.5904	-31.6061
50110	1	0.00538783	-45.3717	0
50110	2	0.11732	-18.6125	-27.1696
53080	1	0.00502332	-45.9802	0
53080	2	0.117221	-18.6199	-22.451
56230	1	0.00450018	-46.9354	0
56230	2	0.117024	-18.6345	-17.9009
59560	1	0.00407435	-47.7988	0
59560	2	0.116447	-18.6774	-11.9269
63090	1	0.00373595	-48.552	0
63090	2	0.11627	-18.6907	-6.49591
66830	1	0.0032191	-49.8453	0
66830	2	0.115817	-18.7245	1.89719
70790	1	0.00298407	-50.5038	0
70790	2	0.115602	-18.7407	8.90707
74980	1	0.0027537	-51.2017	0
74980	2	0.115382	-18.7572	16.8035
79420	1	0.00252685	-51.9484	0
79420	2	0.115182	-18.7723	24.8987
84130	1	0.00239056	-52.43	0
84130	2	0.115162	-18.7738	32.6454
89120	1	0.00232014	-52.6897	0
89120	2	0.114779	-18.8027	42.2284
94400	1	0.00222744	-53.0439	0
94400	2	0.114458	-18.8271	52.0311
99990	1	0.00218866	-53.1964	0
99990	2	0.114281	-18.8405	59.95
105900	1	0.00224239	-52.9858	0
105900	2	0.114131	-18.8519	67.3465
112200	1	0.00226897	-52.8834	0
112200	2	0.113986	-18.863	75.4745
118800	1	0.00225522	-52.9362	0
118800	2	0.11386	-18.8726	81.9771
125800	1	0.00233628	-52.6295	0
125800	2	0.113675	-18.8867	88.6368
133300	1	0.0024582	-52.1876	0
133300	2	0.113498	-18.9002	94.0705
141200	1	0.0025482	-51.8753	0
141200	2	0.113385	-18.9089	98.7976
149600	1	0.00264571	-51.5492	0
149600	2	0.113246	-18.9196	103.921
158500	1	0.00275172	-51.2079	0
158500	2	0.113023	-18.9366	108.706
167900	1	0.00283342	-50.9538	0
167900	2	0.112845	-18.9503	113.468
177800	1	0.00287393	-50.8305	0
177800	2	0.112703	-18.9613	117.812
188300	1	0.00290737	-50.73	0
188300	2	0.112544	-18.9736	123.455
199500	1	0.00271233	-51.3331	0
199500	2	0.112429	-18.9825	132.218
211300	1	0.00264398	-51.5548	0
211300	2	0.112961	-18.9414	120.501
223800	1	0.00276774	-51.1575	0
223800	2	0.112823	-18.9521	123.005
237100	1	0.00275662	-51.1925	0
237100	2	0.112824	-18.952	125.019
251100	1	0.00277288	-51.1414	0
251100	2	0.112847	-18.9502	125.24
266000	1	0.002812	-51.0197	0
266000	2	0.112946	-18.9426	125.269
281800	1	0.00285972	-50.8735	0
281800	2	0.113064	-18.9336	123.973
298500	1	0.00291996	-50.6925	0
298500	2	0.1131	-18.9307	122.582
316200	1	0.00298299	-50.507	0
316200	2	0.113252	-18.9191	121.845
334900	1	0.00307705	-50.2373	0
334900	2	0.113349	-18.9117	120.893
354700	1	0.00315465	-50.021	0
354700	2	0.113402	-18.9076	119.855
375700	1	0.00326612	-49.7194	0
375700	2	0.113381	-18.9092	118.745
398000	1	0.00313636	-50.0715	0
398000	2	0.113731	-18.8824	120.007
421600	1	0.0035594	-48.9725	0
421600	2	0.113771	-18.8794	114.962
446600	1	0.00373659	-48.5505	0
446600	2	0.113873	-18.8716	113.959
473100	1	0.00397508	-48.0131	0
473100	2	0.11397	-18.8642	112.113
501100	1	0.00416178	-47.6144	0
501100	2	0.114055	-18.8577	111.867
530800	1	0.00438401	-47.1626	0
530800	2	0.114136	-18.8516	111.282
562300	1	0.00460223	-46.7406	0
562300	2	0.114206	-18.8463	110.519
595600	1	0.00483815	-46.3064	0
595600	2	0.11433	-18.8368	109.597
630900	1	0.00511336	-45.8259	0
630900	2	0.114417	-18.8302	109.428
668300	1	0.00538756	-45.3722	0
668300	2	0.114497	-18.8242	109.202
707900	1	0.00567365	-44.9227	0
707900	2	0.114599	-18.8164	108.671
749800	1	0.00600337	-44.4321	0
749800	2	0.114739	-18.8058	107.838
794200	1	0.0063266	-43.9766	0
794200	2	0.114858	-18.7968	107.716
841300	1	0.00665834	-43.5327	0
841300	2	0.114996	-18.7864	107.544
891200	1	0.0070543	-43.0309	0
891200	2	0.115073	-18.7805	107.278
944000	1	0.00743171	-42.5782	0
944000	2	0.115218	-18.7696	106.911
999900	1	0.00783215	-42.1224	0
999900	2	0.115393	-18.7564	106.651
1e+006	1	0.00784606	-42.107	0
1e+006	2	0.113237	-18.9202	106.565