10	1	0.002437	-52.2629	0
10	2	0.00192857	-54.2953	-16.1469
11.22	1	0.0024603	-52.1802	0
11.22	2	0.00192863	-54.295	-14.2285
12.59	1	0.00247836	-52.1167	0
12.59	2	0.00192858	-54.2952	-12.4703
14.13	1	0.00249332	-52.0644	0
14.13	2	0.00192867	-54.2949	-10.8305
15.85	1	0.00250581	-52.021	0
15.85	2	0.0019293	-54.292	-9.32944
17.78	1	0.00251505	-51.9891	0
17.78	2	0.00192921	-54.2924	-7.92544
19.95	1	0.00252329	-51.9607	0
19.95	2	0.00192954	-54.2909	-6.61946
22.38	1	0.00253515	-51.9199	0
22.38	2	0.00193374	-54.2721	-5.41017
25.11	1	0.00254103	-51.8998	0
25.11	2	0.00193466	-54.2679	-4.2528
28.17	1	0.00254494	-51.8864	0
28.17	2	0.0019349	-54.2668	-3.13188
31.61	1	0.00254819	-51.8754	0
31.61	2	0.00193595	-54.2621	-2.06144
35.47	1	0.00255183	-51.863	0
35.47	2	0.00193708	-54.2571	-0.997472
39.8	1	0.00255434	-51.8544	0
39.8	2	0.00193779	-54.2539	0.0629282
44.66	1	0.00255624	-51.848	0
44.66	2	0.00193908	-54.2481	1.10632
50.11	1	0.00255843	-51.8405	0
50.11	2	0.00194206	-54.2348	2.13571
56.22	1	0.00255929	-51.8376	0
56.22	2	0.00194407	-54.2258	3.196
63.08	1	0.00256143	-51.8304	0
63.08	2	0.00194711	-54.2122	4.33305
70.78	1	0.00256262	-51.8263	0
70.78	2	0.00195081	-54.1957	5.51471
79.42	1	0.00256317	-51.8245	0
79.42	2	0.00195563	-54.1743	6.75027
89.11	1	0.00256449	-51.82	0
89.11	2	0.00196181	-54.1469	8.07052
99.98	1	0.0025652	-51.8176	0
99.98	2	0.00196957	-54.1126	9.527
112.2	1	0.0025749	-51.7848	0
112.2	2	0.00198541	-54.043	11.0822
125.9	1	0.0025761	-51.7808	0
125.9	2	0.00199902	-53.9837	12.7362
141.3	1	0.00257788	-51.7748	0
141.3	2	0.00201426	-53.9177	14.5767
158.5	1	0.00257903	-51.7709	0
158.5	2	0.00203448	-53.8309	16.5279
177.8	1	0.00257965	-51.7688	0
177.8	2	0.00205823	-53.7301	18.6742
199.5	1	0.0025809	-51.7646	0
199.5	2	0.00208932	-53.5999	20.9627
223.8	1	0.00258722	-51.7433	0
223.8	2	0.00213035	-53.431	23.4637
251.1	1	0.00258769	-51.7418	0
251.1	2	0.00217756	-53.2406	26.1555
281.7	1	0.00258814	-51.7402	0
281.7	2	0.00223548	-53.0126	28.9777
316.1	1	0.00259362	-51.7219	0
316.1	2	0.00231005	-52.7276	31.9898
354.7	1	0.00259321	-51.7232	0
354.7	2	0.00239497	-52.414	35.1318
398	1	0.00259206	-51.7271	0
398	2	0.0024988	-52.0454	38.3846
446.6	1	0.00259696	-51.7107	0
446.6	2	0.00262737	-51.6096	41.7211
501.1	1	0.00259552	-51.7155	0
501.1	2	0.00277502	-51.1347	45.0078
562.2	1	0.00259789	-51.7076	0
562.2	2	0.00295435	-50.5908	48.3314
630.8	1	0.00259732	-51.7095	0
630.8	2	0.00316598	-49.9898	51.55
707.8	1	0.00259905	-51.7037	0
707.8	2	0.00341129	-49.3416	54.7538
794.2	1	0.00259961	-51.7018	0
794.2	2	0.00369939	-48.6374	57.7745
891.1	1	0.00259879	-51.7046	0
891.1	2	0.0040293	-47.8954	60.6908
999.8	1	0.00259655	-51.7121	0
999.8	2	0.00440891	-47.1134	63.4263
1122	1	0.00259979	-51.7012	0
1122	2	0.00485344	-46.279	65.9516
1259	1	0.00259903	-51.7038	0
1259	2	0.00536155	-45.4142	68.1711
1413	1	0.00260233	-51.6928	0
1413	2	0.00593915	-44.5255	70.1854
1585	1	0.00260938	-51.6693	0
1585	2	0.00659591	-43.6145	72.1166
1778	1	0.00261112	-51.6635	0
1778	2	0.00734239	-42.6832	73.9029
1995	1	0.00261359	-51.6552	0
1995	2	0.0081787	-41.7463	75.455
2238	1	0.00261929	-51.6363	0
2238	2	0.00913163	-40.789	76.9436
2511	1	0.00262268	-51.6251	0
2511	2	0.0102033	-39.8252	78.2161
2817	1	0.00262247	-51.6258	0
2817	2	0.0113889	-38.8704	79.3479
3161	1	0.00262528	-51.6165	0
3161	2	0.0127483	-37.8909	80.3892
3547	1	0.00263392	-51.5879	0
3547	2	0.0142851	-36.9023	81.2566
3980	1	0.00263598	-51.5812	0
3980	2	0.0159973	-35.9191	82.0416
4466	1	0.00265436	-51.5208	0
4466	2	0.0179554	-34.9161	82.8323
5011	1	0.00266104	-51.499	0
5011	2	0.0201443	-33.9169	83.4706
5622	1	0.00266609	-51.4825	0
5622	2	0.0225633	-32.9319	84.0905
6308	1	0.0026746	-51.4548	0
6308	2	0.0253193	-31.931	84.6317
7078	1	0.00268525	-51.4203	0
7078	2	0.0284133	-30.9296	85.1503
7942	1	0.00268816	-51.4109	0
7942	2	0.0318672	-29.9331	85.6384
8911	1	0.00269579	-51.3863	0
8911	2	0.0357677	-28.9302	86.0857
9998	1	0.00270245	-51.3648	0
9998	2	0.0401458	-27.9272	86.4821
11220	1	0.00270714	-51.3498	0
11220	2	0.045097	-26.917	86.8731
12590	1	0.00271469	-51.3256	0
12590	2	0.0506597	-25.9068	87.2299
14130	1	0.00271941	-51.3105	0
14130	2	0.0569163	-24.8953	87.5579
15850	1	0.00271878	-51.3125	0
15850	2	0.0638276	-23.8998	87.8519
17780	1	0.00272262	-51.3003	0
17780	2	0.0716316	-22.8979	88.0895
19950	1	0.00272489	-51.293	0
19950	2	0.0803626	-21.8989	88.3233
22380	1	0.00272228	-51.3014	0
22380	2	0.0901052	-20.905	88.5331
25110	1	0.00272027	-51.3077	0
25110	2	0.101028	-19.9112	88.7313
28170	1	0.00271943	-51.3104	0
28170	2	0.113206	-18.9226	89.0087
31610	1	0.00271304	-51.3309	0
31610	2	0.126977	-17.9255	89.0306
35470	1	0.00270813	-51.3466	0
35470	2	0.142288	-16.9367	89.1585
39800	1	0.00270355	-51.3613	0
39800	2	0.159408	-15.9498	89.1965
44660	1	0.00269869	-51.3769	0
44660	2	0.17853	-14.9658	89.2792
50110	1	0.00269103	-51.4016	0
50110	2	0.199718	-13.9916	89.33
56220	1	0.00268505	-51.4209	0
56220	2	0.223143	-13.0284	89.3932
63080	1	0.00267551	-51.4519	0
63080	2	0.249358	-12.0635	89.4404
70780	1	0.00266233	-51.4948	0
70780	2	0.278477	-11.1042	89.5244
79420	1	0.0026504	-51.5338	0
79420	2	0.310769	-10.1512	89.6234
89110	1	0.00263346	-51.5895	0
89110	2	0.346277	-9.21153	89.7156
99980	1	0.00261045	-51.6657	0
99980	2	0.385285	-8.28436	89.8263
112200	1	0.00257748	-51.7761	0
112200	2	0.427466	-7.38197	89.9815
125900	1	0.00253972	-51.9043	0
125900	2	0.473357	-6.49622	90.1361
141300	1	0.00249351	-52.0638	0
141300	2	0.522711	-5.63476	90.3032
158500	1	0.00244716	-52.2267	0
158500	2	0.575914	-4.79285	90.5025
177800	1	0.00238504	-52.4501	0
177800	2	0.631795	-3.98848	90.6693
199500	1	0.0023161	-52.7049	0
199500	2	0.690231	-3.22011	90.8872
223800	1	0.00222777	-53.0426	0
223800	2	0.753284	-2.46082	91.1644
251100	1	0.00213239	-53.4227	0
251100	2	0.815372	-1.77288	91.4885
281700	1	0.00204311	-53.7942	0
281700	2	0.879362	-1.11664	91.822
316100	1	0.00192934	-54.2918	0
316100	2	0.941366	-0.524826	92.2147
354700	1	0.00180921	-54.8502	0
354700	2	1.00242	0.0209598	92.6552
398000	1	0.00169321	-55.4258	0
398000	2	1.06252	0.526767	93.2171
446600	1	0.0015531	-56.176	0
446600	2	1.1177	0.966466	93.8669
501100	1	0.0013716	-57.2554	0
501100	2	1.16809	1.34956	94.0679
562200	1	0.00126006	-57.9922	0
562200	2	1.21647	1.70205	91.5036
630800	1	0.00116633	-58.6636	0
630800	2	1.2617	2.01914	92.7689
707800	1	0.00103186	-59.7276	0
707800	2	1.30103	2.28575	93.8804
794200	1	0.000908006	-60.8382	0
794200	2	1.33584	2.51507	94.8206
891100	1	0.000779983	-62.1583	0
891100	2	1.36575	2.70744	95.689
999800	1	0.000659791	-63.6119	0
999800	2	1.39087	2.86572	96.4282
1.122e+006	1	0.000654964	-63.6757	0
1.122e+006	2	1.39033	2.86238	97.0254
1.259e+006	1	0.000542118	-65.3181	0
1.259e+006	2	1.40548	2.95651	97.6442
1.413e+006	1	0.000433248	-67.2653	0
1.413e+006	2	1.41808	3.03403	98.1155
1.585e+006	1	0.000326857	-69.7128	0
1.585e+006	2	1.42927	3.10228	97.9477
1.778e+006	1	0.000223569	-73.0118	0
1.778e+006	2	1.43839	3.15755	96.9823
1.995e+006	1	0.000123068	-78.1971	0
1.995e+006	2	1.44584	3.20239	90.4296
2.238e+006	1	4.24319e-005	-87.4462	0
2.238e+006	2	1.45259	3.24283	39.5831
2.511e+006	1	0.000100876	-79.9243	0
2.511e+006	2	1.45927	3.2827	-41.3294
2.817e+006	1	0.000202558	-73.869	0
2.817e+006	2	1.46658	3.32612	-50.4238
3.161e+006	1	0.000312685	-70.0979	0
3.161e+006	2	1.47318	3.36513	-50.7924
3.547e+006	1	0.000427625	-67.3787	0
3.547e+006	2	1.47957	3.40273	-48.5914
3.98e+006	1	0.00054936	-65.2029	0
3.98e+006	2	1.48637	3.44255	-45.2118
4.466e+006	1	0.000681967	-63.3247	0
4.466e+006	2	1.49478	3.49154	-40.5658
5.011e+006	1	0.000819763	-61.7262	0
5.011e+006	2	1.50263	3.53702	-34.4723
5.622e+006	1	0.000962826	-60.329	0
5.622e+006	2	1.51154	3.5884	-27.0377
6.308e+006	1	0.00103888	-59.6687	0
6.308e+006	2	1.52131	3.64434	-20.0355
7.078e+006	1	0.00119631	-58.4431	0
7.078e+006	2	1.53505	3.72246	-14.0195
7.942e+006	1	0.00138533	-57.1689	0
7.942e+006	2	1.55483	3.83366	-5.96162
8.911e+006	1	0.00157844	-56.0354	0
8.911e+006	2	1.58339	3.99177	4.24627
9.998e+006	1	0.00179723	-54.9079	0
9.998e+006	2	1.63662	4.27895	15.5827
1e+007	1	0.00179669	-54.9105	0
1e+007	2	1.63695	4.28073	15.5739