10	1	0.00244022	-52.2514	0
10	2	0.000870044	-61.2092	-16.1857
11.22	1	0.00246228	-52.1733	0
11.22	2	0.000870261	-61.207	-14.2846
12.59	1	0.00248119	-52.1068	0
12.59	2	0.000870482	-61.2048	-12.537
14.13	1	0.00249604	-52.055	0
14.13	2	0.000871124	-61.1984	-10.9135
15.85	1	0.00250813	-52.013	0
15.85	2	0.000871711	-61.1925	-9.42877
17.78	1	0.00251793	-51.9791	0
17.78	2	0.000872302	-61.1867	-8.04796
19.95	1	0.00252632	-51.9502	0
19.95	2	0.000872755	-61.1822	-6.76745
22.38	1	0.0025382	-51.9095	0
22.38	2	0.000875626	-61.1536	-5.5567
25.11	1	0.00254385	-51.8902	0
25.11	2	0.000877644	-61.1336	-4.44053
28.17	1	0.0025474	-51.8781	0
28.17	2	0.000879027	-61.12	-3.38219
31.61	1	0.00255201	-51.8624	0
31.61	2	0.000880944	-61.101	-2.36007
35.47	1	0.00255393	-51.8558	0
35.47	2	0.000883387	-61.077	-1.33292
39.8	1	0.00255712	-51.845	0
39.8	2	0.000886517	-61.0463	-0.45377
44.66	1	0.00255922	-51.8378	0
44.66	2	0.000890444	-61.0079	0.441185
50.11	1	0.00256091	-51.8321	0
50.11	2	0.000895625	-60.9575	1.292
56.22	1	0.00256203	-51.8283	0
56.22	2	0.000901061	-60.9049	2.22211
63.08	1	0.0025633	-51.824	0
63.08	2	0.000907372	-60.8443	3.06389
70.78	1	0.00256499	-51.8183	0
70.78	2	0.000915469	-60.7671	3.80823
79.42	1	0.00256651	-51.8131	0
79.42	2	0.000925226	-60.675	4.59874
89.11	1	0.00256692	-51.8117	0
89.11	2	0.000935669	-60.5776	5.3277
99.98	1	0.00256951	-51.803	0
99.98	2	0.000948038	-60.4635	5.96829
112.2	1	0.00257721	-51.777	0
112.2	2	0.000964465	-60.3143	6.52781
125.9	1	0.00257876	-51.7718	0
125.9	2	0.000978961	-60.1847	6.95166
141.3	1	0.0025801	-51.7673	0
141.3	2	0.000994494	-60.048	7.3241
158.5	1	0.00258111	-51.7639	0
158.5	2	0.00101207	-59.8958	7.55608
177.8	1	0.00258282	-51.7581	0
177.8	2	0.00102845	-59.7563	7.64377
199.5	1	0.00258489	-51.7512	0
199.5	2	0.00104423	-59.6241	7.66463
223.8	1	0.00258888	-51.7378	0
223.8	2	0.00106116	-59.4843	7.58467
251.1	1	0.00259009	-51.7337	0
251.1	2	0.00107636	-59.3608	7.43304
281.7	1	0.00258985	-51.7345	0
281.7	2	0.00109023	-59.2496	7.21301
316.1	1	0.00259532	-51.7162	0
316.1	2	0.00110324	-59.1466	7.00046
354.7	1	0.002595	-51.7173	0
354.7	2	0.0011144	-59.0592	6.76247
398	1	0.00259488	-51.7176	0
398	2	0.00112289	-58.9932	6.57693
446.6	1	0.00259908	-51.7036	0
446.6	2	0.00113125	-58.9289	6.31622
501.1	1	0.00259837	-51.706	0
501.1	2	0.00113774	-58.8792	6.11199
562.2	1	0.00259911	-51.7035	0
562.2	2	0.00114259	-58.8422	6.04092
630.8	1	0.00259974	-51.7014	0
630.8	2	0.00114874	-58.7956	5.94213
707.8	1	0.00259986	-51.701	0
707.8	2	0.00115086	-58.7795	5.93315
794.2	1	0.002601	-51.6972	0
794.2	2	0.0011559	-58.7416	6.01975
891.1	1	0.00260245	-51.6924	0
891.1	2	0.00115764	-58.7285	6.19981
999.8	1	0.00259902	-51.7038	0
999.8	2	0.00116038	-58.708	6.3476
1122	1	0.00259967	-51.7016	0
1122	2	0.00116343	-58.6852	6.57652
1259	1	0.00260011	-51.7002	0
1259	2	0.00116306	-58.688	7.08402
1413	1	0.00260393	-51.6874	0
1413	2	0.00116684	-58.6598	7.57672
1585	1	0.00261163	-51.6618	0
1585	2	0.00117566	-58.5943	8.16312
1778	1	0.00261612	-51.6468	0
1778	2	0.00118133	-58.5526	8.67995
1995	1	0.00261458	-51.652	0
1995	2	0.00118443	-58.5298	9.42767
2238	1	0.00262432	-51.6197	0
2238	2	0.00119166	-58.4769	10.359
2511	1	0.00262473	-51.6183	0
2511	2	0.00119566	-58.4478	11.4973
2817	1	0.00262667	-51.6119	0
2817	2	0.00120175	-58.4037	12.4623
3161	1	0.00262854	-51.6057	0
3161	2	0.00121113	-58.3361	13.8479
3547	1	0.00263978	-51.5687	0
3547	2	0.00122292	-58.252	15.1909
3980	1	0.00264265	-51.5592	0
3980	2	0.00123498	-58.1668	16.8896
4466	1	0.00265593	-51.5157	0
4466	2	0.00125481	-58.0284	18.7288
5011	1	0.0026643	-51.4883	0
5011	2	0.00127528	-57.8879	20.6712
5622	1	0.00266921	-51.4724	0
5622	2	0.00129781	-57.7358	22.7983
6308	1	0.00267826	-51.4429	0
6308	2	0.00132651	-57.5458	25.2097
7078	1	0.00268586	-51.4183	0
7078	2	0.00136356	-57.3065	27.7171
7942	1	0.00269173	-51.3994	0
7942	2	0.00140279	-57.0601	30.3866
8911	1	0.002699	-51.3759	0
8911	2	0.00145381	-56.7499	33.2688
9998	1	0.00270509	-51.3564	0
9998	2	0.00151341	-56.4009	36.2256
11220	1	0.00271261	-51.3322	0
11220	2	0.001585	-55.9994	39.2687
12590	1	0.00271865	-51.3129	0
12590	2	0.00166975	-55.547	42.402
14130	1	0.0027232	-51.2984	0
14130	2	0.00177105	-55.0354	45.5429
15850	1	0.00272509	-51.2924	0
15850	2	0.00188587	-54.4898	48.6481
17780	1	0.00272821	-51.2825	0
17780	2	0.0020208	-53.8895	51.7163
19950	1	0.00273114	-51.2731	0
19950	2	0.00217905	-53.2347	54.6997
22380	1	0.00272849	-51.2815	0
22380	2	0.00235973	-52.5428	57.5498
25110	1	0.00272804	-51.283	0
25110	2	0.00256721	-51.8108	60.2439
28170	1	0.00272513	-51.2923	0
28170	2	0.00280434	-51.0434	62.7526
31610	1	0.0027242	-51.2952	0
31610	2	0.00307923	-50.2312	65.1166
35470	1	0.00272272	-51.3	0
35470	2	0.00338946	-49.3974	67.2724
39800	1	0.00272167	-51.3033	0
39800	2	0.00374236	-48.5371	69.2311
44660	1	0.00272064	-51.3066	0
44660	2	0.00414101	-47.6579	70.962
50110	1	0.00271784	-51.3155	0
50110	2	0.00458745	-46.7686	72.569
56220	1	0.00271812	-51.3146	0
56220	2	0.00509427	-45.8584	73.9676
63080	1	0.00271826	-51.3142	0
63080	2	0.00565711	-44.9481	75.2249
70780	1	0.00271672	-51.3191	0
70780	2	0.00629023	-44.0267	76.3981
79420	1	0.00271795	-51.3152	0
79420	2	0.00701024	-43.0853	77.4433
89110	1	0.00271806	-51.3148	0
89110	2	0.00780707	-42.1502	78.3678
99980	1	0.00271648	-51.3199	0
99980	2	0.0086935	-41.2161	79.1993
112200	1	0.00270853	-51.3453	0
112200	2	0.00967036	-40.2911	79.9224
125900	1	0.00270081	-51.3701	0
125900	2	0.0107583	-39.3652	80.5869
141300	1	0.00269068	-51.4028	0
141300	2	0.0119586	-38.4464	81.2096
158500	1	0.00268844	-51.41	0
158500	2	0.0132997	-37.5232	81.7687
177800	1	0.00267601	-51.4502	0
177800	2	0.0147688	-36.6131	82.308
199500	1	0.00266595	-51.483	0
199500	2	0.0163898	-35.7085	82.8104
223800	1	0.00264339	-51.5568	0
223800	2	0.018172	-34.8119	83.3448
251100	1	0.00262254	-51.6256	0
251100	2	0.0201504	-33.9143	83.8875
281700	1	0.00261946	-51.6358	0
281700	2	0.02237	-33.0067	84.4505
316100	1	0.00259566	-51.715	0
316100	2	0.0247967	-32.1121	85.0661
354700	1	0.00257157	-51.796	0
354700	2	0.0275068	-31.2112	85.7626
398000	1	0.00256113	-51.8314	0
398000	2	0.0305807	-30.2911	86.5277
446600	1	0.00251994	-51.9722	0
446600	2	0.0339469	-29.384	87.3282
501100	1	0.0024155	-52.3399	0
501100	2	0.0376544	-28.4837	87.3653
562200	1	0.00245868	-52.186	0
562200	2	0.041829	-27.5705	85.6391
630800	1	0.00249572	-52.0561	0
630800	2	0.0466315	-26.6264	87.6421
707800	1	0.00245004	-52.2165	0
707800	2	0.0519404	-25.6899	89.2273
794200	1	0.00242777	-52.2959	0
794200	2	0.0579387	-24.7406	90.5922
891100	1	0.00237743	-52.4779	0
891100	2	0.0646017	-23.7951	91.9335
999800	1	0.00232671	-52.6651	0
999800	2	0.0727435	-22.7641	91.8786
1.122e+006	1	0.00272541	-51.2914	0
1.122e+006	2	0.0801553	-21.9214	93.3453
1.259e+006	1	0.00272552	-51.291	0
1.259e+006	2	0.089414	-20.9719	94.9089
1.413e+006	1	0.00272419	-51.2952	0
1.413e+006	2	0.0997781	-20.0193	96.6564
1.585e+006	1	0.00272542	-51.2913	0
1.585e+006	2	0.111399	-19.0624	98.558
1.778e+006	1	0.00272366	-51.2969	0
1.778e+006	2	0.12442	-18.1022	100.7
1.995e+006	1	0.00271959	-51.3099	0
1.995e+006	2	0.139031	-17.1378	103.108
2.238e+006	1	0.00271455	-51.326	0
2.238e+006	2	0.155595	-16.1601	105.815
2.511e+006	1	0.00270268	-51.3641	0
2.511e+006	2	0.174426	-15.1678	108.75
2.817e+006	1	0.00269025	-51.4042	0
2.817e+006	2	0.195956	-14.1568	112.01
3.161e+006	1	0.00267366	-51.4579	0
3.161e+006	2	0.221981	-13.0737	115.631
3.547e+006	1	0.00265118	-51.5312	0
3.547e+006	2	0.25033	-12.0297	119.572
3.98e+006	1	0.00262519	-51.6168	0
3.98e+006	2	0.283121	-10.9606	123.936
4.466e+006	1	0.00259591	-51.7142	0
4.466e+006	2	0.321407	-9.8589	128.676
5.011e+006	1	0.00255888	-51.839	0
5.011e+006	2	0.365765	-8.73595	133.923
5.622e+006	1	0.00251648	-51.9841	0
5.622e+006	2	0.41831	-7.57003	139.983
6.308e+006	1	0.00246017	-52.1807	0
6.308e+006	2	0.481277	-6.35209	147.596
7.078e+006	1	0.00230691	-52.7394	0
7.078e+006	2	0.55851	-5.05938	156.471
7.942e+006	1	0.00214278	-53.3804	0
7.942e+006	2	0.654679	-3.67943	162.28
8.911e+006	1	0.00200206	-53.9704	0
8.911e+006	2	0.775937	-2.20348	170.966
9.998e+006	1	0.0017999	-54.8951	0
9.998e+006	2	0.945551	-0.4863	179.507
1e+007	1	0.00179819	-54.9033	0
1e+007	2	0.94615	-0.480796	179.507