10	1	0.00970963	-40.2559	0
10	2	0.00160728	-55.8782	-14.8846
11.22	1	0.00979782	-40.1774	0
11.22	2	0.00160839	-55.8722	-12.82
12.59	1	0.00987187	-40.112	0
12.59	2	0.00160996	-55.8637	-10.8735
14.13	1	0.00993274	-40.0586	0
14.13	2	0.00161228	-55.8512	-9.06289
15.85	1	0.00998217	-40.0155	0
15.85	2	0.00161501	-55.8365	-7.34809
17.78	1	0.0100218	-39.9811	0
17.78	2	0.00161819	-55.8194	-5.73182
19.95	1	0.0100547	-39.9527	0
19.95	2	0.00162207	-55.7986	-4.17196
22.38	1	0.0101026	-39.9114	0
22.38	2	0.00163027	-55.7548	-2.65198
25.11	1	0.0101249	-39.8922	0
25.11	2	0.00163702	-55.7189	-1.22557
28.17	1	0.0101421	-39.8774	0
28.17	2	0.00164505	-55.6764	0.192568
31.61	1	0.0101568	-39.8649	0
31.61	2	0.0016544	-55.6272	1.63555
35.47	1	0.0101707	-39.853	0
35.47	2	0.00166619	-55.5655	3.00298
39.8	1	0.0101809	-39.8443	0
39.8	2	0.00168132	-55.487	4.37752
44.66	1	0.0101894	-39.837	0
44.66	2	0.00169949	-55.3936	5.71849
50.11	1	0.010197	-39.8306	0
50.11	2	0.00172132	-55.2828	7.05745
56.22	1	0.0102038	-39.8248	0
56.22	2	0.00174748	-55.1518	8.37005
63.08	1	0.0102098	-39.8196	0
63.08	2	0.00177905	-54.9962	9.66752
70.78	1	0.0102167	-39.8138	0
70.78	2	0.00181565	-54.8193	10.8768
79.42	1	0.0102217	-39.8096	0
79.42	2	0.00185836	-54.6174	11.9971
89.11	1	0.0102262	-39.8057	0
89.11	2	0.00190694	-54.3933	13.0131
99.98	1	0.0102315	-39.8012	0
99.98	2	0.00196162	-54.1477	13.8377
112.2	1	0.0102637	-39.7739	0
112.2	2	0.00202718	-53.8622	14.5473
125.9	1	0.0102751	-39.7643	0
125.9	2	0.00209385	-53.5811	15.0143
141.3	1	0.0102748	-39.7645	0
141.3	2	0.0021621	-53.3025	15.2759
158.5	1	0.0102814	-39.759	0
158.5	2	0.00223291	-53.0226	15.3376
177.8	1	0.0102859	-39.7552	0
177.8	2	0.00230431	-52.7492	15.199
199.5	1	0.0102917	-39.7503	0
199.5	2	0.0023732	-52.4933	14.8587
223.8	1	0.0103093	-39.7355	0
223.8	2	0.00244363	-52.2393	14.3607
251.1	1	0.0103138	-39.7316	0
251.1	2	0.00250532	-52.0227	13.7712
281.7	1	0.0103161	-39.7297	0
281.7	2	0.00256108	-51.8315	13.0576
316.1	1	0.0103313	-39.7169	0
316.1	2	0.00261592	-51.6475	12.3358
354.7	1	0.0103321	-39.7162	0
354.7	2	0.00265941	-51.5043	11.579
398	1	0.0103306	-39.7175	0
398	2	0.0026974	-51.3811	10.8829
446.6	1	0.0103397	-39.7099	0
446.6	2	0.00273358	-51.2654	10.1603
501.1	1	0.0103658	-39.6879	0
501.1	2	0.00276157	-51.1769	9.43066
562.2	1	0.0103717	-39.683	0
562.2	2	0.00278477	-51.1042	8.8126
630.8	1	0.0103702	-39.6842	0
630.8	2	0.0028028	-51.0481	8.28197
707.8	1	0.0103593	-39.6934	0
707.8	2	0.00281006	-51.0257	7.89924
794.2	1	0.0103622	-39.691	0
794.2	2	0.00282033	-50.994	7.56181
891.1	1	0.0103648	-39.6888	0
891.1	2	0.00283417	-50.9515	7.37324
999.8	1	0.0103712	-39.6834	0
999.8	2	0.00284672	-50.9131	7.21149
1122	1	0.0103945	-39.6639	0
1122	2	0.00285943	-50.8744	7.11573
1259	1	0.0104011	-39.6584	0
1259	2	0.00287144	-50.838	7.13269
1413	1	0.0104066	-39.6538	0
1413	2	0.00288097	-50.8092	7.1786
1585	1	0.0104256	-39.638	0
1585	2	0.00289333	-50.772	7.3231
1778	1	0.0104339	-39.631	0
1778	2	0.00290102	-50.749	7.5697
1995	1	0.0104388	-39.627	0
1995	2	0.00291122	-50.7185	7.88091
2238	1	0.010457	-39.6119	0
2238	2	0.00292401	-50.6804	8.28069
2511	1	0.0104765	-39.5956	0
2511	2	0.00293687	-50.6423	8.89856
2817	1	0.0104726	-39.5989	0
2817	2	0.00294774	-50.6102	9.47687
3161	1	0.0104915	-39.5832	0
3161	2	0.00296674	-50.5544	10.2469
3547	1	0.0105169	-39.5623	0
3547	2	0.00298919	-50.4889	10.9865
3980	1	0.0105349	-39.5474	0
3980	2	0.00301424	-50.4164	11.9936
4466	1	0.0105687	-39.5196	0
4466	2	0.00304463	-50.3293	12.9645
5011	1	0.0106047	-39.4901	0
5011	2	0.00307849	-50.2332	14.1184
5622	1	0.0106275	-39.4714	0
5622	2	0.00311323	-50.1358	15.4306
6308	1	0.0106642	-39.4414	0
6308	2	0.00315573	-50.018	16.9074
7078	1	0.0106997	-39.4126	0
7078	2	0.00320291	-49.8891	18.4744
7942	1	0.0107193	-39.3967	0
7942	2	0.00325422	-49.7511	20.2261
8911	1	0.0107499	-39.3719	0
8911	2	0.00331577	-49.5883	22.1379
9998	1	0.010782	-39.346	0
9998	2	0.00338772	-49.4019	24.2239
11220	1	0.0107978	-39.3333	0
11220	2	0.00347073	-49.1916	26.4855
12590	1	0.0108161	-39.3186	0
12590	2	0.00357049	-48.9455	28.9236
14130	1	0.0108285	-39.3086	0
14130	2	0.00368723	-48.666	31.5119
15850	1	0.0108348	-39.3036	0
15850	2	0.00381903	-48.3609	34.2181
17780	1	0.0108364	-39.3023	0
17780	2	0.00397729	-48.0083	37.0777
19950	1	0.0108385	-39.3006	0
19950	2	0.00416589	-47.6058	40.0382
22380	1	0.0108406	-39.2989	0
22380	2	0.00438376	-47.1631	43.0383
25110	1	0.0108413	-39.2984	0
25110	2	0.00464185	-46.6662	46.046
28170	1	0.0108165	-39.3182	0
28170	2	0.00493558	-46.1332	49.0491
31610	1	0.0108315	-39.3062	0
31610	2	0.00529369	-45.5248	51.9589
35470	1	0.0108338	-39.3044	0
35470	2	0.00570298	-44.878	54.7776
39800	1	0.0108292	-39.308	0
39800	2	0.00617665	-44.1849	57.4595
44660	1	0.0108348	-39.3036	0
44660	2	0.0067196	-43.4531	59.9805
50110	1	0.0108411	-39.2985	0
50110	2	0.007333	-42.6944	62.4782
56220	1	0.0108458	-39.2948	0
56220	2	0.00803957	-41.8953	64.6656
63080	1	0.0108522	-39.2896	0
63080	2	0.0088394	-41.0715	66.7048
70780	1	0.0108546	-39.2877	0
70780	2	0.00974223	-40.2268	68.5947
79420	1	0.010862	-39.2818	0
79420	2	0.0107632	-39.3612	70.3103
89110	1	0.0108676	-39.2773	0
89110	2	0.0119087	-38.4827	71.8855
99980	1	0.0108716	-39.2742	0
99980	2	0.0131906	-37.5947	73.3257
112200	1	0.0108626	-39.2814	0
112200	2	0.014614	-36.7046	74.6436
125900	1	0.0108476	-39.2934	0
125900	2	0.0161943	-35.8127	75.847
141300	1	0.0108277	-39.3093	0
141300	2	0.0179558	-34.9159	76.9434
158500	1	0.0108223	-39.3136	0
158500	2	0.019937	-34.0068	77.9419
177800	1	0.0107951	-39.3355	0
177800	2	0.0220803	-33.1199	78.8293
199500	1	0.0107749	-39.3518	0
199500	2	0.0244937	-32.2189	79.6737
223800	1	0.0107444	-39.3764	0
223800	2	0.027137	-31.3288	80.4941
251100	1	0.010716	-39.3994	0
251100	2	0.030079	-30.4347	81.2931
281700	1	0.0107056	-39.4078	0
281700	2	0.0334036	-29.5241	82.0858
316100	1	0.0106736	-39.4338	0
316100	2	0.0370338	-28.628	82.8849
354700	1	0.0106382	-39.4626	0
354700	2	0.0410707	-27.7293	83.7185
398000	1	0.0106073	-39.4879	0
398000	2	0.0456433	-26.8125	84.6331
446600	1	0.0105069	-39.5705	0
446600	2	0.0506481	-25.9087	85.646
501100	1	0.0102114	-39.8183	0
501100	2	0.0561555	-25.0121	86.1821
562200	1	0.0103341	-39.7145	0
562200	2	0.0623208	-24.1073	84.0502
630800	1	0.0106558	-39.4483	0
630800	2	0.0697767	-23.1258	86.022
707800	1	0.0107175	-39.3981	0
707800	2	0.0777101	-22.1905	87.619
794200	1	0.0107473	-39.374	0
794200	2	0.0865993	-21.2497	89.0164
891100	1	0.0107667	-39.3583	0
891100	2	0.0965158	-20.308	90.4086
999800	1	0.0107844	-39.3441	0
999800	2	0.107604	-19.3634	91.8557
1.122e+006	1	0.0108886	-39.2606	0
1.122e+006	2	0.118367	-18.5354	93.4543
1.259e+006	1	0.0108992	-39.2521	0
1.259e+006	2	0.13184	-17.599	95.187
1.413e+006	1	0.0109119	-39.242	0
1.413e+006	2	0.146947	-16.6568	97.1027
1.585e+006	1	0.0109213	-39.2345	0
1.585e+006	2	0.163759	-15.7159	99.2114
1.778e+006	1	0.0109305	-39.2272	0
1.778e+006	2	0.18261	-14.7695	101.555
1.995e+006	1	0.010934	-39.2244	0
1.995e+006	2	0.20381	-13.8155	104.182
2.238e+006	1	0.0109346	-39.2239	0
2.238e+006	2	0.229301	-12.7919	107.122
2.511e+006	1	0.0109227	-39.2334	0
2.511e+006	2	0.256693	-11.8117	110.343
2.817e+006	1	0.0109073	-39.2457	0
2.817e+006	2	0.287759	-10.8194	113.896
3.161e+006	1	0.0108932	-39.2569	0
3.161e+006	2	0.323422	-9.80462	117.836
3.547e+006	1	0.0108642	-39.2801	0
3.547e+006	2	0.36415	-8.77441	122.184
3.98e+006	1	0.010833	-39.305	0
3.98e+006	2	0.41105	-7.72211	126.999
4.466e+006	1	0.0108056	-39.3271	0
4.466e+006	2	0.465687	-6.63811	132.332
5.011e+006	1	0.0107621	-39.362	0
5.011e+006	2	0.528634	-5.5369	138.225
5.622e+006	1	0.0107389	-39.3808	0
5.622e+006	2	0.60291	-4.39495	144.94
6.308e+006	1	0.0106871	-39.4228	0
6.308e+006	2	0.690992	-3.21054	153.51
7.078e+006	1	0.0102898	-39.7519	0
7.078e+006	2	0.796683	-1.97429	160.292
7.942e+006	1	0.00999306	-40.006	0
7.942e+006	2	0.928665	-0.642818	168.645
8.911e+006	1	0.00979206	-40.1825	0
8.911e+006	2	1.0915	0.760451	178.495
9.998e+006	1	0.00916868	-40.7539	0
9.998e+006	2	1.25672	1.98478	-170.396
1e+007	1	0.00916852	-40.754	0
1e+007	2	1.25734	1.98906	-170.389