10	1	0.00121959	-58.2757	0
10	2	0.000455641	-66.8275	-17.3528
11.22	1	0.00123375	-58.1754	0
11.22	2	0.000456192	-66.8171	-15.456
12.59	1	0.00124254	-58.1138	0
12.59	2	0.000455944	-66.8218	-13.8428
14.13	1	0.00124975	-58.0635	0
14.13	2	0.000455804	-66.8244	-12.3788
15.85	1	0.00125651	-58.0167	0
15.85	2	0.000455672	-66.827	-11.0655
17.78	1	0.00126157	-57.9818	0
17.78	2	0.000455719	-66.8261	-9.97057
19.95	1	0.00126299	-57.972	0
19.95	2	0.000455774	-66.825	-8.83612
22.38	1	0.00127046	-57.9208	0
22.38	2	0.00045656	-66.81	-7.8651
25.11	1	0.00127436	-57.8942	0
25.11	2	0.000457454	-66.7931	-6.8005
28.17	1	0.0012811	-57.8484	0
28.17	2	0.000457301	-66.796	-6.08421
31.61	1	0.0012768	-57.8775	0
31.61	2	0.000456308	-66.8148	-5.59916
35.47	1	0.00127953	-57.859	0
35.47	2	0.000456774	-66.806	-4.97135
39.8	1	0.0012803	-57.8538	0
39.8	2	0.000457007	-66.8015	-4.44975
44.66	1	0.0012811	-57.8483	0
44.66	2	0.00045703	-66.8011	-3.94172
50.11	1	0.00128291	-57.8361	0
50.11	2	0.000457019	-66.8013	-3.4951
56.22	1	0.00128305	-57.8351	0
56.22	2	0.000456266	-66.8156	-3.14248
63.08	1	0.00128337	-57.8329	0
63.08	2	0.000456554	-66.8102	-2.76663
70.78	1	0.00128362	-57.8313	0
70.78	2	0.000456789	-66.8057	-2.37503
79.42	1	0.00128368	-57.8309	0
79.42	2	0.000456516	-66.8109	-2.0548
89.11	1	0.0012857	-57.8172	0
89.11	2	0.000456434	-66.8124	-1.86182
99.98	1	0.00128658	-57.8113	0
99.98	2	0.000456671	-66.8079	-1.40049
112.2	1	0.00128677	-57.81	0
112.2	2	0.000457195	-66.798	-1.20314
125.9	1	0.00129066	-57.7838	0
125.9	2	0.000458232	-66.7783	-1.08124
141.3	1	0.00129214	-57.7738	0
141.3	2	0.000456375	-66.8136	-0.83548
158.5	1	0.00129232	-57.7726	0
158.5	2	0.000457198	-66.7979	-0.729568
177.8	1	0.00129271	-57.77	0
177.8	2	0.000457214	-66.7976	-0.50103
199.5	1	0.00129258	-57.7708	0
199.5	2	0.000457583	-66.7906	-0.166641
223.8	1	0.00129722	-57.7397	0
223.8	2	0.000457779	-66.7869	0.126503
251.1	1	0.00129765	-57.7369	0
251.1	2	0.000457372	-66.7946	0.158936
281.7	1	0.00129735	-57.7389	0
281.7	2	0.000457756	-66.7873	0.458282
316.1	1	0.00130036	-57.7187	0
316.1	2	0.000458529	-66.7727	0.710449
354.7	1	0.00129933	-57.7256	0
354.7	2	0.000457898	-66.7846	0.9356
398	1	0.00129887	-57.7287	0
398	2	0.000457907	-66.7845	1.15212
446.6	1	0.00130054	-57.7175	0
446.6	2	0.000457224	-66.7974	1.47952
501.1	1	0.00129924	-57.7262	0
501.1	2	0.000457903	-66.7845	1.84812
562.2	1	0.0013008	-57.7158	0
562.2	2	0.000457711	-66.7882	2.05923
630.8	1	0.00130091	-57.715	0
630.8	2	0.000456404	-66.813	2.42788
707.8	1	0.00130159	-57.7105	0
707.8	2	0.000458956	-66.7646	2.89947
794.2	1	0.00130167	-57.71	0
794.2	2	0.000457334	-66.7953	3.40006
891.1	1	0.00130243	-57.7049	0
891.1	2	0.000457295	-66.7961	3.78796
999.8	1	0.00130029	-57.7192	0
999.8	2	0.000458574	-66.7718	4.39273
1122	1	0.00130416	-57.6934	0
1122	2	0.000456763	-66.8062	5.09928
1259	1	0.00130347	-57.698	0
1259	2	0.000456933	-66.8029	6.08558
1413	1	0.00130489	-57.6885	0
1413	2	0.000460373	-66.7378	6.72357
1585	1	0.00130764	-57.6702	0
1585	2	0.000464202	-66.6659	7.8264
1778	1	0.00131	-57.6546	0
1778	2	0.000465648	-66.6388	8.53602
1995	1	0.00131158	-57.6441	0
1995	2	0.000465029	-66.6504	9.3816
2238	1	0.00131301	-57.6346	0
2238	2	0.00047098	-66.5399	10.7873
2511	1	0.00131587	-57.6157	0
2511	2	0.000471722	-66.5263	12.1484
2817	1	0.00131489	-57.6222	0
2817	2	0.000474471	-66.4758	13.4123
3161	1	0.00131977	-57.59	0
3161	2	0.000478179	-66.4082	15.3721
3547	1	0.00131961	-57.5911	0
3547	2	0.00048231	-66.3335	16.7563
3980	1	0.00132216	-57.5743	0
3980	2	0.000488362	-66.2252	19.1662
4466	1	0.00133089	-57.5171	0
4466	2	0.000498482	-66.047	21.3682
5011	1	0.00133442	-57.4942	0
5011	2	0.000506882	-65.9019	23.7446
5622	1	0.00133712	-57.4766	0
5622	2	0.000518326	-65.7079	26.4889
6308	1	0.00134135	-57.4492	0
6308	2	0.000533484	-65.4576	29.0131
7078	1	0.00134588	-57.4199	0
7078	2	0.000551075	-65.1758	32.1553
7942	1	0.00134816	-57.4052	0
7942	2	0.000571819	-64.8548	35.21
8911	1	0.0013508	-57.3882	0
8911	2	0.000596472	-64.4882	38.4161
9998	1	0.00135447	-57.3646	0
9998	2	0.000627542	-64.0471	41.8578
11220	1	0.00135886	-57.3365	0
11220	2	0.000665291	-63.5398	45.261
12590	1	0.00136122	-57.3215	0
12590	2	0.000708699	-62.9908	48.5974
14130	1	0.00136388	-57.3045	0
14130	2	0.000761367	-62.3681	51.8931
15850	1	0.00136513	-57.2965	0
15850	2	0.000819661	-61.7273	55.1626
17780	1	0.00136692	-57.2851	0
17780	2	0.000889773	-61.0144	58.2114
19950	1	0.00136855	-57.2748	0
19950	2	0.000970622	-60.259	61.1766
22380	1	0.00136881	-57.2731	0
22380	2	0.00106344	-59.4658	63.8809
25110	1	0.00136662	-57.2871	0
25110	2	0.00116968	-58.6386	66.475
28170	1	0.00136524	-57.2958	0
28170	2	0.0012899	-57.7889	68.8156
31610	1	0.00136638	-57.2886	0
31610	2	0.0014288	-56.9006	71.0071
35470	1	0.00136572	-57.2928	0
35470	2	0.00158589	-55.9945	72.9332
39800	1	0.00136528	-57.2956	0
39800	2	0.00176258	-55.077	74.7551
44660	1	0.0013658	-57.2923	0
44660	2	0.00196346	-54.1395	76.3578
50110	1	0.00136677	-57.2861	0
50110	2	0.00218736	-53.2016	77.7147
56220	1	0.00136606	-57.2906	0
56220	2	0.0024422	-52.2444	79.0764
63080	1	0.0013652	-57.296	0
63080	2	0.00272635	-51.2884	80.2759
70780	1	0.00136619	-57.2898	0
70780	2	0.00304554	-50.3267	81.4234
79420	1	0.00136579	-57.2923	0
79420	2	0.00340865	-49.3484	82.4567
89110	1	0.00136501	-57.2973	0
89110	2	0.00381272	-48.3753	83.3359
99980	1	0.00136477	-57.2988	0
99980	2	0.00426561	-47.4004	84.2087
112200	1	0.0013616	-57.319	0
112200	2	0.00476309	-46.4422	85.0519
125900	1	0.00135739	-57.3459	0
125900	2	0.00531941	-45.4827	85.8007
141300	1	0.00135203	-57.3802	0
141300	2	0.00594191	-44.5215	86.4926
158500	1	0.00135164	-57.3828	0
158500	2	0.00665459	-43.5376	87.1317
177800	1	0.00134525	-57.4239	0
177800	2	0.00750798	-42.4895	87.8817
199500	1	0.00134054	-57.4544	0
199500	2	0.00840044	-41.514	88.4472
223800	1	0.00132974	-57.5247	0
223800	2	0.0093947	-40.5423	89.0951
251100	1	0.00131828	-57.5998	0
251100	2	0.0105093	-39.5686	89.6686
281700	1	0.00131823	-57.6002	0
281700	2	0.0117879	-38.5713	90.2526
316100	1	0.00130645	-57.6781	0
316100	2	0.0131922	-37.5937	90.8516
354700	1	0.00129467	-57.7568	0
354700	2	0.0147638	-36.616	91.4815
398000	1	0.00128942	-57.7921	0
398000	2	0.0165701	-35.6135	92.2266
446600	1	0.00127148	-57.9138	0
446600	2	0.0185538	-34.6314	93.0118
501100	1	0.0012158	-58.3027	0
501100	2	0.0207609	-33.6551	93.284
562200	1	0.00122141	-58.2628	0
562200	2	0.0232125	-32.6856	90.9544
630800	1	0.00124537	-58.094	0
630800	2	0.0260544	-31.6824	92.4249
707800	1	0.00122578	-58.2317	0
707800	2	0.0292275	-30.6842	93.7695
794200	1	0.00121673	-58.2961	0
794200	2	0.0327999	-29.6825	94.9186
891100	1	0.00119204	-58.4742	0
891100	2	0.0367796	-28.6879	96.0436
999800	1	0.00116641	-58.663	0
999800	2	0.0412302	-27.6957	97.2651
1.122e+006	1	0.00136707	-57.2842	0
1.122e+006	2	0.0466083	-26.6307	98.4132
1.259e+006	1	0.00136739	-57.2822	0
1.259e+006	2	0.0522126	-25.6445	99.708
1.413e+006	1	0.00136665	-57.2868	0
1.413e+006	2	0.0584951	-24.6576	101.171
1.585e+006	1	0.00136551	-57.2941	0
1.585e+006	2	0.0655155	-23.6731	102.74
1.778e+006	1	0.00136524	-57.2958	0
1.778e+006	2	0.0726188	-22.779	103.708
1.995e+006	1	0.00136218	-57.3153	0
1.995e+006	2	0.0813543	-21.7924	105.95
2.238e+006	1	0.00135865	-57.3378	0
2.238e+006	2	0.0912854	-20.792	108.489
2.511e+006	1	0.00135295	-57.3743	0
2.511e+006	2	0.102611	-19.7761	111.243
2.817e+006	1	0.00134436	-57.4297	0
2.817e+006	2	0.115459	-18.7514	114.373
3.161e+006	1	0.00133635	-57.4816	0
3.161e+006	2	0.130223	-17.7063	117.888
3.547e+006	1	0.00132417	-57.5611	0
3.547e+006	2	0.147064	-16.6499	121.763
3.98e+006	1	0.00130844	-57.6649	0
3.98e+006	2	0.166469	-15.5733	126.019
4.466e+006	1	0.00129132	-57.7793	0
4.466e+006	2	0.189149	-14.4639	130.788
5.011e+006	1	0.00126625	-57.9496	0
5.011e+006	2	0.216674	-13.2838	136.111
5.622e+006	1	0.00123825	-58.1438	0
5.622e+006	2	0.247882	-12.1151	142.172
6.308e+006	1	0.00119541	-58.4497	0
6.308e+006	2	0.285085	-10.9005	149.706
7.078e+006	1	0.00112037	-59.0127	0
7.078e+006	2	0.330485	-9.61696	157.404
7.942e+006	1	0.00104046	-59.6555	0
7.942e+006	2	0.386861	-8.2489	164.862
8.911e+006	1	0.000944405	-60.4968	0
8.911e+006	2	0.458732	-6.76882	173.52
9.998e+006	1	0.000815419	-61.7724	0
9.998e+006	2	0.557275	-5.0786	-177.607
1e+007	1	0.000814101	-61.7864	0
1e+007	2	0.557455	-5.07581	-177.64