10	1	0.000435878	-67.2127	0
10	2	8.5304e-006	-101.381	88.846
11.22	1	0.000435968	-67.2109	0
11.22	2	9.51312e-006	-100.434	89.7157
12.59	1	0.000435912	-67.212	0
12.59	2	1.05206e-005	-99.5592	88.3044
14.13	1	0.000435921	-67.2118	0
14.13	2	1.16306e-005	-98.6879	88.9659
15.85	1	0.000435971	-67.2109	0
15.85	2	1.32225e-005	-97.5737	88.3448
17.78	1	0.00043554	-67.2194	0
17.78	2	1.49376e-005	-96.5144	88.2563
19.95	1	0.000435937	-67.2115	0
19.95	2	1.7032e-005	-95.3747	87.9416
22.38	1	0.000436506	-67.2002	0
22.38	2	1.88539e-005	-94.492	87.6768
25.11	1	0.000436972	-67.1909	0
25.11	2	2.17239e-005	-93.2613	86.8289
28.17	1	0.000437494	-67.1806	0
28.17	2	2.37118e-005	-92.5007	86.2994
31.61	1	0.000437264	-67.1851	0
31.61	2	2.6782e-005	-91.4431	85.2122
35.47	1	0.000437526	-67.1799	0
35.47	2	3.00637e-005	-90.4391	85.3882
39.8	1	0.000437945	-67.1716	0
39.8	2	3.29444e-005	-89.6444	85.9934
44.66	1	0.000437959	-67.1713	0
44.66	2	3.81635e-005	-88.367	85.2491
50.11	1	0.000437987	-67.1708	0
50.11	2	4.24332e-005	-87.4459	83.8573
56.22	1	0.000439132	-67.1481	0
56.22	2	4.77042e-005	-86.4289	84.2668
63.08	1	0.000439934	-67.1322	0
63.08	2	5.31911e-005	-85.4832	82.8645
70.78	1	0.000440854	-67.1141	0
70.78	2	5.96668e-005	-84.4853	82.3549
79.42	1	0.000441899	-67.0935	0
79.42	2	6.66507e-005	-83.5239	81.3776
89.11	1	0.000442635	-67.0791	0
89.11	2	7.54898e-005	-82.4422	80.4999
99.98	1	0.000444283	-67.0468	0
99.98	2	8.47068e-005	-81.4416	78.8193
112.2	1	0.000447427	-66.9856	0
112.2	2	9.48295e-005	-80.4611	77.5517
125.9	1	0.000449871	-66.9382	0
125.9	2	0.000106607	-79.4443	75.8215
141.3	1	0.000453565	-66.8672	0
141.3	2	0.000119781	-78.4323	74.4275
158.5	1	0.000457423	-66.7936	0
158.5	2	0.000134226	-77.4432	72.2937
177.8	1	0.0004631	-66.6865	0
177.8	2	0.000149572	-76.503	70.2956
199.5	1	0.000468831	-66.5797	0
199.5	2	0.000168449	-75.4706	68.4343
223.8	1	0.000477355	-66.4232	0
223.8	2	0.00018967	-74.44	66.0736
251.1	1	0.000487918	-66.2331	0
251.1	2	0.000212728	-73.4435	63.4235
281.7	1	0.000499106	-66.0361	0
281.7	2	0.000237761	-72.4772	60.7463
316.1	1	0.000515463	-65.756	0
316.1	2	0.00026726	-71.4613	57.8873
354.7	1	0.00053192	-65.4831	0
354.7	2	0.000298646	-70.4969	54.7423
398	1	0.000554176	-65.127	0
398	2	0.000335077	-69.4971	51.7328
446.6	1	0.000582499	-64.6941	0
446.6	2	0.000376537	-68.4838	48.6661
501.1	1	0.000612932	-64.2518	0
501.1	2	0.000421936	-67.4951	45.2791
562.2	1	0.000650803	-63.731	0
562.2	2	0.00047223	-66.5169	41.9926
630.8	1	0.000694773	-63.1631	0
630.8	2	0.000531077	-65.4968	38.6465
707.8	1	0.000746976	-62.5339	0
707.8	2	0.000595059	-64.5088	35.2667
794.2	1	0.000807619	-61.8559	0
794.2	2	0.000667097	-63.5162	32.4775
891.1	1	0.000878247	-61.1277	0
891.1	2	0.000748627	-62.5147	29.5177
999.8	1	0.000959953	-60.355	0
999.8	2	0.000837159	-61.5438	26.7017
1122	1	0.00105474	-59.5371	0
1122	2	0.000941727	-60.5215	24.1558
1259	1	0.00116625	-58.6642	0
1259	2	0.00105955	-59.4975	21.5241
1413	1	0.00129157	-57.7776	0
1413	2	0.00119276	-58.469	19.1438
1585	1	0.00143223	-56.8798	0
1585	2	0.00133829	-57.469	17.1328
1778	1	0.00159302	-55.9556	0
1778	2	0.00150063	-56.4745	15.2461
1995	1	0.00177436	-55.0192	0
1995	2	0.00167978	-55.495	13.5783
2238	1	0.0019814	-54.0606	0
2238	2	0.00188697	-54.4847	12.03
2511	1	0.00221486	-53.0931	0
2511	2	0.00211808	-53.4812	10.5113
2817	1	0.00247522	-52.1277	0
2817	2	0.00237632	-52.4819	9.22794
3161	1	0.00277435	-51.1368	0
3161	2	0.00266643	-51.4814	8.02248
3547	1	0.00311502	-50.1308	0
3547	2	0.00299564	-50.4702	6.97913
3980	1	0.00349546	-49.1299	0
3980	2	0.00335959	-49.4743	6.06412
4466	1	0.00394023	-48.0896	0
4466	2	0.00378436	-48.4402	5.12032
5011	1	0.00443058	-47.0708	0
5011	2	0.00425162	-47.4289	4.39642
5622	1	0.00497841	-46.0582	0
5622	2	0.00476993	-46.4298	3.73836
6308	1	0.00560243	-45.0325	0
6308	2	0.00535662	-45.4222	3.16145
7078	1	0.00630669	-44.004	0
7078	2	0.0060172	-44.4121	2.6505
7942	1	0.00709403	-42.9821	0
7942	2	0.00675079	-43.4129	2.13108
8911	1	0.00798679	-41.9526	0
8911	2	0.00758302	-42.4032	1.85301
9998	1	0.00899118	-40.9237	0
9998	2	0.0085159	-41.3954	1.55656
11220	1	0.0101114	-39.9038	0
11220	2	0.0095597	-40.3911	1.29145
12590	1	0.0113709	-38.8841	0
12590	2	0.0107298	-39.3882	1.07852
14130	1	0.0127852	-37.8658	0
14130	2	0.0120409	-38.3868	0.896774
15850	1	0.0143611	-36.8562	0
15850	2	0.0135098	-37.387	0.750526
17780	1	0.0161323	-35.8461	0
17780	2	0.0151546	-36.3891	0.629837
19950	1	0.018122	-34.8359	0
19950	2	0.0170018	-35.3901	0.529236
22380	1	0.0203593	-33.8247	0
22380	2	0.019084	-34.3866	0.450264
25110	1	0.0229217	-32.795	0
25110	2	0.0214694	-33.3636	0.388725
28170	1	0.0257199	-31.7946	0
28170	2	0.0240766	-32.3681	0.330513
31610	1	0.028873	-30.7902	0
31610	2	0.0270152	-31.3678	0.290604
35470	1	0.0323878	-29.7924	0
35470	2	0.03029	-30.374	0.25283
39800	1	0.0363409	-28.7921	0
39800	2	0.0339782	-29.376	0.211029
44660	1	0.0407653	-27.7942	0
44660	2	0.0380971	-28.3822	0.175545
50110	1	0.0456952	-26.8026	0
50110	2	0.0426983	-27.3918	0.150499
56220	1	0.0512454	-25.8069	0
56220	2	0.0478838	-26.3962	0.125236
63080	1	0.0574369	-24.8162	0
63080	2	0.0536669	-25.4059	0.103508
70780	1	0.0643799	-23.825	0
70780	2	0.0601513	-24.4151	0.0904694
79420	1	0.0721965	-22.8297	0
79420	2	0.0674343	-23.4224	-0.0480423
89110	1	0.0808791	-21.8433	0
89110	2	0.0755635	-22.4338	0.0637665
99980	1	0.090574	-20.8599	0
99980	2	0.0846185	-21.4507	0.0518341
112200	1	0.101472	-19.873	0
112200	2	0.0947955	-20.4642	0.0480041
125900	1	0.113598	-18.8926	0
125900	2	0.10613	-19.4832	0.0337982
141300	1	0.127148	-17.9138	0
141300	2	0.118769	-18.506	0.0256195
158500	1	0.142107	-16.9477	0
158500	2	0.13276	-17.5386	0.0183563
177800	1	0.158849	-15.9803	0
177800	2	0.148396	-16.5716	0.00968933
199500	1	0.177295	-15.0261	0
199500	2	0.165661	-15.6156	0.00392151
223800	1	0.19722	-14.101	0
223800	2	0.18428	-14.6904	-0.0025177
251100	1	0.218265	-13.2203	0
251100	2	0.204774	-13.7745	-0.00946045
281700	1	0.242782	-12.2957	0
281700	2	0.226913	-12.8828	-0.014389
316100	1	0.269188	-11.3989	0
316100	2	0.251626	-11.9849	-0.0228958
354700	1	0.297871	-10.5194	0
354700	2	0.278423	-11.1059	-0.0290833
398000	1	0.329155	-9.652	0
398000	2	0.307714	-10.2371	-0.0380073
446600	1	0.362085	-8.82378	0
446600	2	0.338559	-9.40731	-0.0439549
501100	1	0.397008	-8.02401	0
501100	2	0.37129	-8.60573	-0.0537338
562200	1	0.433427	-7.26168	0
562200	2	0.405421	-7.84189	-0.0596466
630800	1	0.471274	-6.53453	0
630800	2	0.440965	-7.11191	-0.0695505
707800	1	0.509455	-5.85788	0
707800	2	0.476879	-6.43184	-0.0822907
794200	1	0.5475	-5.23232	0
794200	2	0.51273	-5.80222	-0.0925217
891100	1	0.584038	-4.67117	0
891100	2	0.547239	-5.23646	-0.106606
999800	1	0.618216	-4.1772	0
999800	2	0.579626	-4.73705	-0.123337
1.122e+006	1	0.646301	-3.7913	0
1.122e+006	2	0.605467	-4.35819	-0.141769
1.259e+006	1	0.673241	-3.43659	0
1.259e+006	2	0.631232	-3.99622	-0.16391
1.413e+006	1	0.692874	-3.18692	0
1.413e+006	2	0.654071	-3.6875	-0.296463
1.585e+006	1	0.712944	-2.9389	0
1.585e+006	2	0.67376	-3.42989	-0.303024
1.778e+006	1	0.729654	-2.73767	0
1.778e+006	2	0.690775	-3.21327	-0.304236
1.995e+006	1	0.742058	-2.59124	0
1.995e+006	2	0.700469	-3.09223	-0.262907
2.238e+006	1	0.751474	-2.48173	0
2.238e+006	2	0.711294	-2.95902	-0.291031
2.511e+006	1	0.757913	-2.40761	0
2.511e+006	2	0.719942	-2.85405	-0.324127
2.817e+006	1	0.76078	-2.37482	0
2.817e+006	2	0.726051	-2.78065	-0.359955
3.161e+006	1	0.760612	-2.37674	0
3.161e+006	2	0.730066	-2.73276	-0.401085
3.547e+006	1	0.756283	-2.42631	0
3.547e+006	2	0.73136	-2.71738	-0.407188
3.98e+006	1	0.748039	-2.52151	0
3.98e+006	2	0.730511	-2.72746	-0.413406
4.466e+006	1	0.736513	-2.65639	0
4.466e+006	2	0.728151	-2.75557	-0.417679
5.011e+006	1	0.719741	-2.85648	0
5.011e+006	2	0.723045	-2.8167	-0.435253
5.622e+006	1	0.698598	-3.11545	0
5.622e+006	2	0.716799	-2.89205	-0.482987
6.308e+006	1	0.674341	-3.42241	0
6.308e+006	2	0.708785	-2.98971	-0.183014
7.078e+006	1	0.642173	-3.84696	0
7.078e+006	2	0.700913	-3.08672	-0.286415
7.942e+006	1	0.603668	-4.38403	0
7.942e+006	2	0.694224	-3.17	-0.455292
8.911e+006	1	0.556236	-5.09482	0
8.911e+006	2	0.687113	-3.25944	-0.707349
9.998e+006	1	0.495908	-6.09197	0
9.998e+006	2	0.681892	-3.32569	-0.894035
1e+007	1	0.495793	-6.094	0
1e+007	2	0.681803	-3.32682	-0.897125