10	1	0.000435882	-67.2126	0
10	2	4.30505e-006	-107.32	89.6685
11.22	1	0.000436303	-67.2042	0
11.22	2	4.70221e-006	-106.554	88.8494
12.59	1	0.000435965	-67.211	0
12.59	2	5.61002e-006	-105.021	87.781
14.13	1	0.000436274	-67.2048	0
14.13	2	5.85171e-006	-104.654	89.854
15.85	1	0.000436156	-67.2072	0
15.85	2	6.63933e-006	-103.558	88.4491
17.78	1	0.000436006	-67.2102	0
17.78	2	7.96739e-006	-101.974	88.5272
19.95	1	0.00043605	-67.2093	0
19.95	2	8.35397e-006	-101.562	86.7264
22.38	1	0.000437442	-67.1816	0
22.38	2	8.79842e-006	-101.112	90.395
25.11	1	0.000436426	-67.2018	0
25.11	2	1.04226e-005	-99.6405	88.7203
28.17	1	0.000437202	-67.1864	0
28.17	2	1.16512e-005	-98.6726	86.1202
31.61	1	0.000437325	-67.1839	0
31.61	2	1.33128e-005	-97.5146	85.1812
35.47	1	0.000437754	-67.1754	0
35.47	2	1.51286e-005	-96.404	85.5437
39.8	1	0.00043825	-67.1656	0
39.8	2	1.66995e-005	-95.5459	86.2071
44.66	1	0.0004378	-67.1745	0
44.66	2	1.85836e-005	-94.6174	85.793
50.11	1	0.000439214	-67.1465	0
50.11	2	2.12266e-005	-93.4624	83.5492
56.22	1	0.000439504	-67.1408	0
56.22	2	2.41829e-005	-92.3298	83.0947
63.08	1	0.000440038	-67.1302	0
63.08	2	2.76773e-005	-91.1575	82.8652
70.78	1	0.000440498	-67.1211	0
70.78	2	3.00544e-005	-90.4418	82.3234
79.42	1	0.000441978	-67.092	0
79.42	2	3.31813e-005	-89.5821	81.4232
89.11	1	0.000443021	-67.0715	0
89.11	2	3.75971e-005	-88.4969	80.5461
99.98	1	0.000444815	-67.0364	0
99.98	2	4.20646e-005	-87.5217	78.7672
112.2	1	0.000447795	-66.9784	0
112.2	2	4.67179e-005	-86.6103	78.0342
125.9	1	0.000450279	-66.9304	0
125.9	2	5.27985e-005	-85.5476	76.3684
141.3	1	0.000453468	-66.8691	0
141.3	2	6.01887e-005	-84.4097	74.8261
158.5	1	0.00045737	-66.7946	0
158.5	2	6.71665e-005	-83.457	72.4638
177.8	1	0.000463128	-66.686	0
177.8	2	7.54652e-005	-82.4451	70.1865
199.5	1	0.000469093	-66.5748	0
199.5	2	8.49773e-005	-81.4139	68.5287
223.8	1	0.000477947	-66.4124	0
223.8	2	9.50106e-005	-80.4446	66.2502
251.1	1	0.000487958	-66.2324	0
251.1	2	0.000106752	-79.4325	63.9702
281.7	1	0.00049932	-66.0324	0
281.7	2	0.000119618	-78.4441	60.6469
316.1	1	0.000514319	-65.7754	0
316.1	2	0.000133499	-77.4904	57.8494
354.7	1	0.000532744	-65.4696	0
354.7	2	0.000149994	-76.4785	54.7201
398	1	0.000554187	-65.1269	0
398	2	0.000167091	-75.5409	51.8372
446.6	1	0.000580212	-64.7283	0
446.6	2	0.000188617	-74.4884	48.2875
501.1	1	0.00061228	-64.261	0
501.1	2	0.000213085	-73.4289	45.1509
562.2	1	0.000651209	-63.7256	0
562.2	2	0.000237387	-72.4909	41.7023
630.8	1	0.000694642	-63.1648	0
630.8	2	0.000265169	-71.5295	38.4697
707.8	1	0.00074582	-62.5473	0
707.8	2	0.00029798	-70.5163	35.665
794.2	1	0.000807393	-61.8583	0
794.2	2	0.000334184	-69.5203	32.4008
891.1	1	0.000877693	-61.1332	0
891.1	2	0.000375585	-68.5058	29.5066
999.8	1	0.000959175	-60.362	0
999.8	2	0.000420383	-67.5271	26.6818
1122	1	0.00105356	-59.5468	0
1122	2	0.000472248	-66.5166	24.1495
1259	1	0.00116322	-58.6868	0
1259	2	0.000532882	-65.4674	21.6748
1413	1	0.00128934	-57.7927	0
1413	2	0.000599881	-64.4387	19.1681
1585	1	0.0014312	-56.886	0
1585	2	0.000671886	-63.4541	17.3505
1778	1	0.0015897	-55.9737	0
1778	2	0.000753152	-62.4623	15.2505
1995	1	0.00176941	-55.0434	0
1995	2	0.000843872	-61.4745	13.375
2238	1	0.00197775	-54.0766	0
2238	2	0.000949841	-60.447	11.9985
2511	1	0.00221104	-53.1081	0
2511	2	0.00106249	-59.4735	10.4155
2817	1	0.00246914	-52.1491	0
2817	2	0.00119043	-58.4859	9.20146
3161	1	0.00277029	-51.1495	0
3161	2	0.0013362	-57.4826	8.02167
3547	1	0.00311123	-50.1414	0
3547	2	0.00150123	-56.4711	6.95715
3980	1	0.00348875	-49.1466	0
3980	2	0.0016869	-55.4582	6.03247
4466	1	0.00393341	-48.1046	0
4466	2	0.00189807	-54.4338	5.11822
5011	1	0.00442231	-47.087	0
5011	2	0.00213243	-53.4225	4.38558
5622	1	0.00497039	-46.0722	0
5622	2	0.0023918	-52.4255	3.7273
6308	1	0.0055941	-45.0454	0
6308	2	0.00268662	-51.4159	3.13146
7078	1	0.00629481	-44.0204	0
7078	2	0.00301778	-50.4062	2.64569
7942	1	0.00707933	-43.0002	0
7942	2	0.00338442	-49.4103	2.08702
8911	1	0.00797146	-41.9692	0
8911	2	0.00380082	-48.4024	1.72899
9998	1	0.00897395	-40.9403	0
9998	2	0.00426762	-47.3963	1.43446
11220	1	0.0100938	-39.9189	0
11220	2	0.00479464	-46.3849	1.17626
12590	1	0.0113506	-38.8996	0
12590	2	0.00538683	-45.3733	0.948543
14130	1	0.012763	-37.881	0
14130	2	0.00605297	-44.3606	0.775047
15850	1	0.0143355	-36.8717	0
15850	2	0.00678956	-43.3632	0.62735
17780	1	0.016104	-35.8613	0
17780	2	0.00759875	-42.3852	0.609161
19950	1	0.0180901	-34.8512	0
19950	2	0.00852419	-41.3869	0.505493
22380	1	0.0203222	-33.8406	0
22380	2	0.00956854	-40.3831	0.422478
25110	1	0.022879	-32.8112	0
25110	2	0.0107395	-39.3803	0.37054
28170	1	0.0256701	-31.8115	0
28170	2	0.0120422	-38.3859	0.314545
31610	1	0.0288216	-30.8056	0
31610	2	0.0135251	-37.3772	0.273636
35470	1	0.0323287	-29.8082	0
35470	2	0.0151821	-36.3734	0.231964
39800	1	0.0362735	-28.8082	0
39800	2	0.0170292	-35.3761	0.193268
44660	1	0.0406875	-27.8108	0
44660	2	0.0191111	-34.3743	0.164589
50110	1	0.0456072	-26.8193	0
50110	2	0.0214001	-33.3917	0.119036
56220	1	0.0511424	-25.8244	0
56220	2	0.0239906	-32.3992	0.0959473
63080	1	0.0573298	-24.8324	0
63080	2	0.0268932	-31.4072	0.0825882
70780	1	0.0642595	-23.8413	0
70780	2	0.0301382	-30.4177	0.0584908
79420	1	0.0720637	-22.8457	0
79420	2	0.0337859	-29.4253	-0.0802651
89110	1	0.0807271	-21.8596	0
89110	2	0.0378503	-28.4386	-0.0953827
99980	1	0.0903844	-20.8781	0
99980	2	0.0423978	-27.4531	-0.107536
112200	1	0.101249	-19.8922	0
112200	2	0.0474308	-26.4788	-0.121727
125900	1	0.113335	-18.9127	0
125900	2	0.053033	-25.5091	-0.138412
141300	1	0.126828	-17.9357	0
141300	2	0.0592674	-24.5437	-0.151581
158500	1	0.141712	-16.9718	0
158500	2	0.066228	-23.5792	-0.167541
177800	1	0.158359	-16.0071	0
177800	2	0.0742575	-22.5852	-0.00836182
199500	1	0.176688	-15.0559	0
199500	2	0.0828644	-21.6326	-0.017746
223800	1	0.196455	-14.1348	0
223800	2	0.0921295	-20.712	-0.0263062
251100	1	0.217319	-13.2581	0
251100	2	0.102321	-19.8007	-0.0383606
281700	1	0.241559	-12.3395	0
281700	2	0.113739	-18.8818	-0.0433712
316100	1	0.26763	-11.4493	0
316100	2	0.125857	-18.0024	-0.0526199
354700	1	0.295879	-10.5777	0
354700	2	0.138936	-17.1437	-0.0643463
398000	1	0.326603	-9.7196	0
398000	2	0.153382	-16.2845	-0.0803862
446600	1	0.358829	-8.90225	0
446600	2	0.16832	-15.4773	-0.0899811
501100	1	0.392872	-8.11497	0
501100	2	0.184101	-14.6989	-0.105389
562200	1	0.428234	-7.36638	0
562200	2	0.200731	-13.9477	-0.118957
630800	1	0.464852	-6.6537	0
630800	2	0.218142	-13.2252	-0.134479
707800	1	0.501584	-5.99313	0
707800	2	0.235434	-12.5626	-0.153564
794200	1	0.538099	-5.38275	0
794200	2	0.252641	-11.9499	-0.169609
891100	1	0.573053	-4.8361	0
891100	2	0.269114	-11.4013	-0.190674
999800	1	0.605729	-4.35443	0
999800	2	0.284563	-10.9164	-0.215286
1.122e+006	1	0.632541	-3.97822	0
1.122e+006	2	0.296808	-10.5505	-0.239945
1.259e+006	1	0.658474	-3.62923	0
1.259e+006	2	0.309077	-10.1987	-0.265915
1.413e+006	1	0.681351	-3.33258	0
1.413e+006	2	0.320039	-9.89593	-0.292984
1.585e+006	1	0.697616	-3.12767	0
1.585e+006	2	0.329626	-9.63958	-0.411842
1.778e+006	1	0.715041	-2.91338	0
1.778e+006	2	0.338138	-9.41811	-0.423017
1.995e+006	1	0.729056	-2.74478	0
1.995e+006	2	0.345074	-9.24176	-0.422974
2.238e+006	1	0.741082	-2.60267	0
2.238e+006	2	0.351346	-9.08531	-0.424858
2.511e+006	1	0.751436	-2.48216	0
2.511e+006	2	0.356869	-8.94982	-0.426933
2.817e+006	1	0.759553	-2.38884	0
2.817e+006	2	0.361546	-8.83672	-0.421364
3.161e+006	1	0.766501	-2.30975	0
3.161e+006	2	0.365873	-8.7334	-0.421249
3.547e+006	1	0.771217	-2.25647	0
3.547e+006	2	0.369517	-8.64731	-0.41407
3.98e+006	1	0.774362	-2.22112	0
3.98e+006	2	0.37286	-8.56908	-0.402916
4.466e+006	1	0.776712	-2.1948	0
4.466e+006	2	0.376207	-8.49145	-0.393143
5.011e+006	1	0.776818	-2.19361	0
5.011e+006	2	0.378902	-8.42946	-0.389664
5.622e+006	1	0.775977	-2.20302	0
5.622e+006	2	0.382287	-8.35221	-0.402571
6.308e+006	1	0.773598	-2.22969	0
6.308e+006	2	0.38603	-8.26759	-0.417984
7.078e+006	1	0.770823	-2.26091	0
7.078e+006	2	0.391242	-8.15108	-0.45192
7.942e+006	1	0.768372	-2.28857	0
7.942e+006	2	0.398887	-7.98301	-0.532822
8.911e+006	1	0.764738	-2.32974	0
8.911e+006	2	0.409504	-7.75485	-0.689501
9.998e+006	1	0.762563	-2.35448	0
9.998e+006	2	0.423951	-7.45368	-0.791763
1e+007	1	0.762502	-2.35517	0
1e+007	2	0.423955	-7.4536	-0.793465