0.000000000000000e+00	-1.785436e-08
1.035199739517821e-09	-1.785436e-08
1.105599275117326e-09	-1.785436e-08
1.246398346316337e-09	-1.785436e-08
1.527996488714358e-09	-1.785436e-08
2.091192773510400e-09	-1.785436e-08
2.795467233359649e-09	-1.785436e-08
3.734707787851390e-09	-1.785436e-08
4.926759321639575e-09	-1.785436e-08
6.589140852881932e-09	-1.785436e-08
8.972766782541402e-09	-1.785436e-08
1.277424755407908e-08	-1.785436e-08
2.001944954553329e-08	-1.785435e-08
3.450985352844169e-08	-1.785435e-08
5.254721846857746e-08	-1.785435e-08
7.243598483786435e-08	-1.785435e-08
1.004917789893991e-07	-1.785435e-08
1.305978494201806e-07	-1.785434e-08
1.772215972316575e-07	-1.785434e-08
2.210183117974791e-07	-1.785433e-08
2.949042932288454e-07	-1.785433e-08
3.237441439925038e-07	-1.785432e-08
3.516398329752091e-07	-1.785432e-08
3.795355219579145e-07	-1.785432e-08
4.074312109406197e-07	-1.785431e-08
4.353268999233251e-07	-1.785431e-08
4.632225889060304e-07	-1.785431e-08
4.911182778887357e-07	-1.785431e-08
5.190139668714410e-07	-1.785430e-08
6.651486594070926e-07	-1.785429e-08
8.160452898028434e-07	-1.785427e-08
1.041867287374511e-06	-1.785425e-08
1.152407496868253e-06	-1.785424e-08
1.214173853316976e-06	-1.785423e-08
1.265476104882277e-06	-1.785423e-08
1.307652329617522e-06	-1.785422e-08
1.349917966618571e-06	-1.785422e-08
1.397242361249774e-06	-1.785421e-08
1.448171492440105e-06	-1.785421e-08
1.510021414824802e-06	-1.785420e-08
1.532779884484162e-06	-1.785420e-08
1.550244318829743e-06	-1.785420e-08
1.565373238582679e-06	-1.785419e-08
1.585633519572606e-06	-1.785419e-08
1.607526469942581e-06	-1.785419e-08
1.634602213084822e-06	-1.785419e-08
1.660499554427480e-06	-1.785419e-08
1.688922606992624e-06	-1.785418e-08
1.723922533226310e-06	-1.785418e-08
1.768600114658897e-06	-1.785417e-08
1.818973000468458e-06	-1.785417e-08
1.917601326405528e-06	-1.785416e-08
1.966028578183920e-06	-1.785415e-08
1.991427203613858e-06	-1.785415e-08
2.006907192070409e-06	-1.785415e-08
2.028566273033194e-06	-1.785415e-08
2.045030385102078e-06	-1.785415e-08
2.063955331050522e-06	-1.785414e-08
2.082365386194643e-06	-1.785414e-08
2.108926943742700e-06	-1.785414e-08
2.141395189490808e-06	-1.785414e-08
2.183664800049798e-06	-1.785413e-08
2.234601437119210e-06	-1.785413e-08
2.299472972208800e-06	-1.785412e-08
2.380181263960735e-06	-1.785411e-08
2.482045007463237e-06	-1.785410e-08
2.609584692400407e-06	-1.785409e-08
2.771036433937017e-06	-1.785407e-08
2.955834936114570e-06	-1.785405e-08
3.143418062363643e-06	-1.785403e-08
3.347174085339408e-06	-1.785401e-08
3.561990003506703e-06	-1.785399e-08
3.809053782982381e-06	-1.785396e-08
4.093510117390303e-06	-1.785393e-08
4.445546798922667e-06	-1.785389e-08
4.880599311124324e-06	-1.785384e-08
5.312120291476262e-06	-1.785379e-08
5.810404718422571e-06	-1.785374e-08
6.358078435491452e-06	-1.785368e-08
7.057424329217329e-06	-1.785359e-08
7.937422455177711e-06	-1.785349e-08
9.120686601963624e-06	-1.785334e-08
1.093748920551307e-05	-1.785311e-08
1.328664178276616e-05	-1.785278e-08
1.557339777104256e-05	-1.785243e-08
1.806166863399644e-05	-1.785202e-08
2.000000000000000e-05	-1.785167e-08
2.012778726952821e-05	-1.785166e-08
2.025557453905641e-05	-1.785165e-08
2.038336180858461e-05	-1.785164e-08
2.051114907811281e-05	-1.785163e-08
2.063893634764102e-05	-1.785161e-08
2.076672361716922e-05	-1.785160e-08
2.089451088669743e-05	-1.785159e-08
2.146681900789590e-05	-1.785154e-08
2.256423152406654e-05	-1.785143e-08
2.409858310912210e-05	-1.785127e-08
2.560892348620804e-05	-1.785109e-08
2.753541510458159e-05	-1.785085e-08
2.981961270345576e-05	-1.785053e-08
3.265092681703998e-05	-1.785010e-08
3.621665888075913e-05	-1.784948e-08
3.964050893709307e-05	-1.784882e-08
4.250001013443502e-05	-1.784822e-08
4.589535712497348e-05	-1.784744e-08
4.981047841384479e-05	-1.784645e-08
5.461396673025353e-05	-1.784512e-08
6.186445014351047e-05	-1.784285e-08
6.979171191970300e-05	-1.784001e-08
7.796041825106492e-05	-1.783670e-08
8.685705192596235e-05	-1.783265e-08
9.966724834931981e-05	-1.782600e-08
1.113994737243093e-04	-1.781907e-08
1.208794229720632e-04	-1.781288e-08
1.307555841146373e-04	-1.780587e-08
1.406107369606492e-04	-1.779832e-08
1.519821058987224e-04	-1.778889e-08
1.670911200524160e-04	-1.777521e-08
1.733328091951202e-04	-1.776917e-08
1.786299800071270e-04	-1.776387e-08
1.834419546184864e-04	-1.775891e-08
1.901291462129631e-04	-1.775180e-08
1.962143582520248e-04	-1.774510e-08
2.000226412206144e-04	-1.774080e-08
2.038412118324361e-04	-1.773640e-08
2.088287166300870e-04	-1.773054e-08
2.135290465472043e-04	-1.772488e-08
2.201528296892137e-04	-1.771669e-08
2.225552913092211e-04	-1.771365e-08
2.249577529292286e-04	-1.771058e-08
2.273602145492360e-04	-1.770748e-08
2.297626761692434e-04	-1.770434e-08
2.321651377892508e-04	-1.770118e-08
2.345675994092582e-04	-1.769798e-08
2.369700610292656e-04	-1.769475e-08
2.411351240186420e-04	-1.768906e-08
2.453296823342653e-04	-1.768324e-08
2.503558729770090e-04	-1.767613e-08
2.555677525385786e-04	-1.766860e-08
2.608162698244234e-04	-1.766087e-08
2.650951020652290e-04	-1.765444e-08
2.683444052670787e-04	-1.764949e-08
2.698221120470792e-04	-1.764722e-08
2.710036102522788e-04	-1.764540e-08
2.720138222749865e-04	-1.764383e-08
2.729676624690928e-04	-1.764235e-08
2.738352648137377e-04	-1.764100e-08
2.745933024499028e-04	-1.763981e-08
2.752484076377861e-04	-1.763878e-08
2.758069282326369e-04	-1.763790e-08
2.762733758863264e-04	-1.763717e-08
2.767040119700359e-04	-1.763649e-08
2.771969438091634e-04	-1.763571e-08
2.776463692619944e-04	-1.763500e-08
2.782202482041809e-04	-1.763409e-08
2.787657323798955e-04	-1.763322e-08
2.793122832375541e-04	-1.763235e-08
2.799202157952025e-04	-1.763138e-08
2.806030623251315e-04	-1.763029e-08
2.814481893081026e-04	-1.762893e-08
2.821265146645893e-04	-1.762784e-08
2.828151844059162e-04	-1.762673e-08
2.834083258822080e-04	-1.762577e-08
2.839114854508390e-04	-1.762496e-08
2.844451488361616e-04	-1.762409e-08
2.849780305723087e-04	-1.762322e-08
2.855444697900220e-04	-1.762230e-08
2.859697035763659e-04	-1.762161e-08
2.864359874277514e-04	-1.762085e-08
2.869208114995881e-04	-1.762005e-08
2.872722684228400e-04	-1.761948e-08
2.875068174891182e-04	-1.761909e-08
2.876706595777585e-04	-1.761882e-08
2.878269659509960e-04	-1.761857e-08
2.879839883904819e-04	-1.761831e-08
2.881389355452089e-04	-1.761805e-08
2.883012439261872e-04	-1.761779e-08
2.884625174693614e-04	-1.761752e-08
2.886261493570716e-04	-1.761725e-08
2.887993468660554e-04	-1.761697e-08
2.889891479121091e-04	-1.761665e-08
2.891829687782053e-04	-1.761633e-08
2.894103333942640e-04	-1.761596e-08
2.894984616643140e-04	-1.761581e-08
2.895595914360866e-04	-1.761571e-08
2.896217792520507e-04	-1.761561e-08
2.896960450083322e-04	-1.761549e-08
2.897301901435019e-04	-1.761543e-08
2.897700473845587e-04	-1.761536e-08
2.898232004665814e-04	-1.761527e-08
2.898722901816099e-04	-1.761519e-08
2.899421739423311e-04	-1.761508e-08
2.900164946978331e-04	-1.761495e-08
2.901286562558993e-04	-1.761477e-08
2.902706772065251e-04	-1.761453e-08
2.905183240314566e-04	-1.761412e-08
2.906408468638164e-04	-1.761392e-08
2.907239708835801e-04	-1.761378e-08
2.907872120269777e-04	-1.761368e-08
2.908503324286469e-04	-1.761357e-08
2.909319552909660e-04	-1.761344e-08
2.909842656128728e-04	-1.761335e-08
2.910275563873406e-04	-1.761328e-08
2.910739922176896e-04	-1.761320e-08
2.911283001604920e-04	-1.761311e-08
2.911716892052161e-04	-1.761304e-08
2.912163886708399e-04	-1.761297e-08
2.912649398373515e-04	-1.761288e-08
2.913185733430548e-04	-1.761279e-08
2.913865879763818e-04	-1.761268e-08
2.914744719626578e-04	-1.761254e-08
2.916053667881287e-04	-1.761232e-08
2.918161915529955e-04	-1.761197e-08
2.920720962255259e-04	-1.761154e-08
2.923621734247412e-04	-1.761106e-08
2.926249258082349e-04	-1.761062e-08
2.930010168472873e-04	-1.760999e-08
2.932189792711241e-04	-1.760962e-08
2.934483990463643e-04	-1.760924e-08
2.937305213734119e-04	-1.760877e-08
2.940352746299135e-04	-1.760826e-08
2.942421647884941e-04	-1.760791e-08
2.944611384362833e-04	-1.760754e-08
2.946313383994063e-04	-1.760725e-08
2.947902121963326e-04	-1.760699e-08
2.949315895190196e-04	-1.760675e-08
2.951013596876460e-04	-1.760646e-08
2.952257924337208e-04	-1.760625e-08
2.953306129926823e-04	-1.760608e-08
2.955732795877106e-04	-1.760567e-08
2.957341837267139e-04	-1.760540e-08
2.959448905532997e-04	-1.760504e-08
2.962773685401755e-04	-1.760448e-08
2.968570961789169e-04	-1.760350e-08
2.974324941493716e-04	-1.760252e-08
2.980375274508549e-04	-1.760149e-08
2.983754352269788e-04	-1.760092e-08
2.986001505984401e-04	-1.760054e-08
2.987920374908924e-04	-1.760021e-08
2.989540160987122e-04	-1.759993e-08
2.991068745239857e-04	-1.759967e-08
2.992610882922830e-04	-1.759941e-08
2.994152335006803e-04	-1.759915e-08
2.995934498574252e-04	-1.759884e-08
2.997553633247148e-04	-1.759856e-08
2.998943300947944e-04	-1.759832e-08
3.000331209599383e-04	-1.759809e-08
3.001658897505889e-04	-1.759786e-08
3.002985892910271e-04	-1.759763e-08
3.004482669818347e-04	-1.759738e-08
3.006644535516369e-04	-1.759700e-08
3.008932986624583e-04	-1.759661e-08
3.010967446965231e-04	-1.759626e-08
3.012015108329167e-04	-1.759608e-08
3.012908565220599e-04	-1.759593e-08
3.013663052076188e-04	-1.759580e-08
3.014642286836366e-04	-1.759563e-08
3.015359783375280e-04	-1.759551e-08
3.015913689367173e-04	-1.759541e-08
3.016503767892238e-04	-1.759531e-08
3.017157750239918e-04	-1.759520e-08
3.017947984961983e-04	-1.759506e-08
3.018861361520677e-04	-1.759491e-08
3.019373567557175e-04	-1.759482e-08
3.019883844661601e-04	-1.759473e-08
3.020554041069947e-04	-1.759461e-08
3.021182845930955e-04	-1.759451e-08
3.022126384038264e-04	-1.759434e-08
3.023208124060646e-04	-1.759416e-08
3.024638953701922e-04	-1.759391e-08
3.026233654958115e-04	-1.759363e-08
3.028003651128624e-04	-1.759333e-08
3.029828584133091e-04	-1.759301e-08
3.031495399964244e-04	-1.759272e-08
3.033329762094968e-04	-1.759241e-08
3.035225813541820e-04	-1.759208e-08
3.037094512993561e-04	-1.759175e-08
3.039231529283548e-04	-1.759138e-08
3.040483589738630e-04	-1.759117e-08
3.041572335105450e-04	-1.759098e-08
3.042822664254045e-04	-1.759076e-08
3.044088993196019e-04	-1.759054e-08
3.045469732798596e-04	-1.759030e-08
3.047022134215011e-04	-1.759003e-08
3.048182651196647e-04	-1.758983e-08
3.049523519474879e-04	-1.758960e-08
3.051004032017863e-04	-1.758934e-08
3.052153626694352e-04	-1.758914e-08
3.053371971564198e-04	-1.758893e-08
3.054703831021001e-04	-1.758869e-08
3.056149220796910e-04	-1.758844e-08
3.057969335892467e-04	-1.758812e-08
3.060247720488260e-04	-1.758773e-08
3.063496702901026e-04	-1.758716e-08
3.066595040176044e-04	-1.758662e-08
3.070172399875255e-04	-1.758599e-08
3.073736540732889e-04	-1.758536e-08
3.077946498442004e-04	-1.758463e-08
3.082584585468048e-04	-1.758381e-08
3.088427537002921e-04	-1.758278e-08
3.095534548011274e-04	-1.758153e-08
3.103637438843182e-04	-1.758010e-08
3.115670007178261e-04	-1.757796e-08
3.128325357326419e-04	-1.757570e-08
3.135446128703533e-04	-1.757443e-08
3.143026047273626e-04	-1.757308e-08
3.151788410084971e-04	-1.757150e-08
3.161060272480024e-04	-1.756983e-08
3.168282071249127e-04	-1.756853e-08
3.175410900186263e-04	-1.756724e-08
3.177372607345124e-04	-1.756688e-08
3.178328370295815e-04	-1.756671e-08
3.178748356350404e-04	-1.756663e-08
3.179028959846733e-04	-1.756658e-08
3.179264964669849e-04	-1.756654e-08
3.179497338912063e-04	-1.756650e-08
3.179738870835300e-04	-1.756645e-08
3.180059992425585e-04	-1.756639e-08
3.180430053868966e-04	-1.756633e-08
3.181005431600306e-04	-1.756622e-08
3.181547991290026e-04	-1.756612e-08
3.182187683388745e-04	-1.756601e-08
3.182774846059925e-04	-1.756590e-08
3.183021725758420e-04	-1.756586e-08
3.183192191569031e-04	-1.756583e-08
3.183402758534416e-04	-1.756579e-08
3.183567343896317e-04	-1.756576e-08
3.183686179068402e-04	-1.756574e-08
3.183809732353580e-04	-1.756571e-08
3.183952752433388e-04	-1.756569e-08
3.184112131416554e-04	-1.756566e-08
3.184327720234110e-04	-1.756562e-08
3.184607612242754e-04	-1.756557e-08
3.185029081419955e-04	-1.756549e-08
3.185610268316433e-04	-1.756539e-08
3.186333227725803e-04	-1.756526e-08
3.187207402471963e-04	-1.756510e-08
3.188388114749955e-04	-1.756488e-08
3.189508066950241e-04	-1.756468e-08
3.190396681736203e-04	-1.756452e-08
3.191210369123664e-04	-1.756437e-08
3.192105909087151e-04	-1.756420e-08
3.193082570438553e-04	-1.756403e-08
3.194168166067410e-04	-1.756383e-08
3.195377226078351e-04	-1.756361e-08
3.198257028909293e-04	-1.756308e-08
3.202054693903294e-04	-1.756239e-08
3.208482584379404e-04	-1.756121e-08
3.215787982834992e-04	-1.755988e-08
3.229501563212324e-04	-1.755735e-08
3.251872074793309e-04	-1.755322e-08
3.260396064157400e-04	-1.755164e-08
3.265452924929243e-04	-1.755070e-08
3.269636774080852e-04	-1.754992e-08
3.279439512458019e-04	-1.754808e-08
3.305878078703611e-04	-1.754312e-08
3.320039307106478e-04	-1.754044e-08
3.337051019641010e-04	-1.753721e-08
3.345708832777085e-04	-1.753556e-08
3.353883159374715e-04	-1.753400e-08
3.359456960035622e-04	-1.753294e-08
3.365444067285805e-04	-1.753179e-08
3.372048101355606e-04	-1.753052e-08
3.377796877782591e-04	-1.752941e-08
3.384499465325195e-04	-1.752812e-08
3.391532776423512e-04	-1.752676e-08
3.402848756875698e-04	-1.752457e-08
3.418174187522791e-04	-1.752159e-08
3.443256326106425e-04	-1.751668e-08
3.487031797282237e-04	-1.750804e-08
3.528007827165717e-04	-1.749984e-08
3.572423799174870e-04	-1.749086e-08
3.600112205269186e-04	-1.748520e-08
3.608697437803968e-04	-1.748344e-08
3.618671770250620e-04	-1.748138e-08
3.628646102697271e-04	-1.747932e-08
3.638620435143923e-04	-1.747726e-08
3.648594767590575e-04	-1.747519e-08
3.658569100037227e-04	-1.747311e-08
3.668543432483878e-04	-1.747103e-08
3.678517764930530e-04	-1.746894e-08
3.694549742182384e-04	-1.746558e-08
3.699472178485141e-04	-1.746454e-08
3.701057878745822e-04	-1.746420e-08
3.702120252488135e-04	-1.746398e-08
3.702835510531230e-04	-1.746383e-08
3.703439397588834e-04	-1.746370e-08
3.703966541570203e-04	-1.746359e-08
3.704441911102847e-04	-1.746349e-08
3.704868595334862e-04	-1.746340e-08
3.705248210646752e-04	-1.746332e-08
3.705583249803553e-04	-1.746325e-08
3.705879326533037e-04	-1.746319e-08
3.706146384629291e-04	-1.746313e-08
3.706400921119431e-04	-1.746308e-08
3.706689383640844e-04	-1.746302e-08
3.706961987264993e-04	-1.746296e-08
3.707188677144527e-04	-1.746291e-08
3.707402728521093e-04	-1.746286e-08
3.707615507849368e-04	-1.746282e-08
3.707871294697500e-04	-1.746277e-08
3.708121941146709e-04	-1.746271e-08
3.708361810571198e-04	-1.746266e-08
3.708613408046637e-04	-1.746261e-08
3.708915743009834e-04	-1.746255e-08
3.709195907374119e-04	-1.746249e-08
3.709555911558027e-04	-1.746241e-08
3.709873028320518e-04	-1.746234e-08
3.710019394037707e-04	-1.746231e-08
3.710123057566827e-04	-1.746229e-08
3.710242497824668e-04	-1.746227e-08
3.710373323550857e-04	-1.746224e-08
3.710448399205165e-04	-1.746222e-08
3.710522449637232e-04	-1.746221e-08
3.710614005258081e-04	-1.746219e-08
3.710705126802043e-04	-1.746217e-08
3.710836593792300e-04	-1.746214e-08
3.710993334091472e-04	-1.746211e-08
3.711250412998636e-04	-1.746205e-08
3.711635288891978e-04	-1.746197e-08
3.712319750959584e-04	-1.746183e-08
3.713064876386243e-04	-1.746167e-08
3.713938175684641e-04	-1.746148e-08
3.714926043416902e-04	-1.746128e-08
3.716161223182438e-04	-1.746101e-08
3.717802931973135e-04	-1.746067e-08
3.720389714072027e-04	-1.746012e-08
3.723623062066414e-04	-1.745943e-08
3.727137674854739e-04	-1.745869e-08
3.732195733772125e-04	-1.745761e-08
3.739382593989942e-04	-1.745608e-08
3.752037896418596e-04	-1.745338e-08
3.756340874475295e-04	-1.745246e-08
3.759029965536158e-04	-1.745189e-08
3.760769981346504e-04	-1.745152e-08
3.762536932028400e-04	-1.745114e-08
3.764820075839829e-04	-1.745065e-08
3.766012277875433e-04	-1.745039e-08
3.767307294104148e-04	-1.745011e-08
3.768861704346238e-04	-1.744978e-08
3.772670347402260e-04	-1.744896e-08
3.785783254827742e-04	-1.744614e-08
3.798703915487977e-04	-1.744335e-08
3.824545236808447e-04	-1.743774e-08
3.854611307590273e-04	-1.743117e-08
3.925792663179512e-04	-1.741541e-08
3.970070400734358e-04	-1.740546e-08
4.021281054031179e-04	-1.739382e-08
4.081927381316951e-04	-1.737984e-08
4.155264812110571e-04	-1.736267e-08
4.228410941895190e-04	-1.734524e-08
4.312898016856482e-04	-1.732474e-08
4.396958101650426e-04	-1.730394e-08
4.469483617972767e-04	-1.728569e-08
4.583673305841134e-04	-1.725635e-08
4.593066925241144e-04	-1.725391e-08
4.602460544641153e-04	-1.725146e-08
4.611854164041163e-04	-1.724900e-08
4.621247783441173e-04	-1.724654e-08
4.630641402841183e-04	-1.724408e-08
4.640035022241193e-04	-1.724161e-08
4.649428641641203e-04	-1.723913e-08
4.659360753096807e-04	-1.723651e-08
4.665260186702322e-04	-1.723495e-08
4.666887276379212e-04	-1.723452e-08
4.667516803926765e-04	-1.723435e-08
4.667823948215424e-04	-1.723427e-08
4.668053753481729e-04	-1.723421e-08
4.668296099507871e-04	-1.723415e-08
4.668516707435600e-04	-1.723409e-08
4.668678995893324e-04	-1.723405e-08
4.668864204205581e-04	-1.723400e-08
4.669051326734164e-04	-1.723395e-08
4.669425571791331e-04	-1.723385e-08
4.669572591176970e-04	-1.723381e-08
4.669669869874365e-04	-1.723378e-08
4.669747663646758e-04	-1.723376e-08
4.669859892803919e-04	-1.723373e-08
4.669922591161656e-04	-1.723372e-08
4.669978524085296e-04	-1.723370e-08
4.670041766055220e-04	-1.723369e-08
4.670112307340711e-04	-1.723367e-08
4.670197656122015e-04	-1.723365e-08
4.670305086631797e-04	-1.723362e-08
4.670448100184677e-04	-1.723358e-08
4.670644388453889e-04	-1.723353e-08
4.670927033663200e-04	-1.723345e-08
4.671359484645864e-04	-1.723334e-08
4.671891423580844e-04	-1.723320e-08
4.672493923519052e-04	-1.723304e-08
4.673095821165115e-04	-1.723288e-08
4.673742352288371e-04	-1.723271e-08
4.674410608665083e-04	-1.723253e-08
4.675578929804340e-04	-1.723222e-08
4.677773645352317e-04	-1.723164e-08
4.680955799536267e-04	-1.723079e-08
4.684128137685867e-04	-1.722995e-08
4.688338624662239e-04	-1.722883e-08
4.693892176439812e-04	-1.722735e-08
4.701192410426644e-04	-1.722541e-08
4.708888091538220e-04	-1.722336e-08
4.718323596984121e-04	-1.722083e-08
4.721428683311902e-04	-1.722000e-08
4.723377548461161e-04	-1.721948e-08
4.725213425193501e-04	-1.721899e-08
4.727563402750276e-04	-1.721836e-08
4.728746190157596e-04	-1.721804e-08
4.730199174372278e-04	-1.721765e-08
4.732059420854293e-04	-1.721716e-08
4.740650976318755e-04	-1.721485e-08
4.748013392763727e-04	-1.721287e-08
4.762738225653671e-04	-1.720890e-08
4.792187891433558e-04	-1.720093e-08
4.825094252129435e-04	-1.719196e-08
4.903877793486605e-04	-1.717025e-08
5.010398000353564e-04	-1.714035e-08
5.150116780433764e-04	-1.710018e-08
5.237739864356495e-04	-1.707445e-08
5.342826911305909e-04	-1.704303e-08
5.473367770158946e-04	-1.700315e-08
5.643562169047691e-04	-1.694977e-08
5.880769029404325e-04	-1.687274e-08
6.075160158459333e-04	-1.680733e-08
6.305202640279076e-04	-1.672729e-08
6.543955704077134e-04	-1.664120e-08
6.643761646948549e-04	-1.660430e-08
6.736890123776535e-04	-1.656939e-08
6.810567692419581e-04	-1.654144e-08
6.882434546923275e-04	-1.651390e-08
6.952365678377047e-04	-1.648683e-08
7.006937427805034e-04	-1.646553e-08
7.028643020387252e-04	-1.645701e-08
7.045310230189528e-04	-1.645045e-08
7.062164920909690e-04	-1.644381e-08
7.082718615251447e-04	-1.643568e-08
7.101895590682155e-04	-1.642808e-08
7.119179633139596e-04	-1.642121e-08
7.137906615825590e-04	-1.641376e-08
7.155637848485439e-04	-1.640668e-08
7.176220880467035e-04	-1.639844e-08
7.198352395466583e-04	-1.638955e-08
7.224550547452604e-04	-1.637900e-08
7.284681106906629e-04	-1.635465e-08
7.386189939938376e-04	-1.631310e-08
7.518794018397150e-04	-1.625800e-08
7.626946394122311e-04	-1.621238e-08
7.762469152369857e-04	-1.615433e-08
7.930897727982732e-04	-1.608084e-08
8.136922099949144e-04	-1.598892e-08
8.307942610260094e-04	-1.591093e-08
8.454834595163434e-04	-1.584272e-08
8.601726580066774e-04	-1.577338e-08
8.748618564970116e-04	-1.570293e-08
8.895510549873455e-04	-1.563135e-08
9.042402534776795e-04	-1.555866e-08
9.189294519680135e-04	-1.548485e-08
9.336186504583475e-04	-1.540992e-08
9.606259002040593e-04	-1.526928e-08
1.000245023386848e-03	-1.505620e-08
1.014053111504370e-03	-1.498006e-08
1.046476238427851e-03	-1.479747e-08
1.046668238427851e-03	-1.479637e-08
1.047436238427850e-03	-1.479198e-08
1.048019930812937e-03	-1.478864e-08
1.050800297788707e-03	-1.477271e-08
1.052295780936986e-03	-1.476413e-08
1.054292745581554e-03	-1.475265e-08
1.058666868104605e-03	-1.472744e-08
1.072717820698076e-03	-1.464579e-08
1.085064167478349e-03	-1.457323e-08
1.096990036865930e-03	-1.450241e-08
1.113268017625660e-03	-1.440460e-08
1.129554208030617e-03	-1.430541e-08
1.150198699732694e-03	-1.417778e-08
1.171743623467057e-03	-1.404233e-08
1.198915900824933e-03	-1.386822e-08
1.228848685057288e-03	-1.367220e-08
1.266722740006910e-03	-1.341788e-08
1.311008004835901e-03	-1.311164e-08
1.356591423141014e-03	-1.278650e-08
1.374362138308898e-03	-1.265702e-08
1.385175103897482e-03	-1.257750e-08
1.395497732201746e-03	-1.250106e-08
1.406267191689100e-03	-1.242076e-08
1.422641058196362e-03	-1.229763e-08
1.455388791210885e-03	-1.204752e-08
1.520884257239931e-03	-1.153213e-08
1.553862929279783e-03	-1.126498e-08
1.576133297481503e-03	-1.108170e-08
1.593911929286919e-03	-1.093373e-08
1.615081046616190e-03	-1.075564e-08
1.627460201452945e-03	-1.065053e-08
1.638515431252572e-03	-1.055606e-08
1.650942795811358e-03	-1.044920e-08
1.663979694107489e-03	-1.033634e-08
1.678198994932266e-03	-1.021235e-08
1.692007163026142e-03	-1.009106e-08
1.709280322647485e-03	-9.938111e-09
1.711829515268518e-03	-9.915423e-09
1.714378707889552e-03	-9.892706e-09
1.716927900510585e-03	-9.869959e-09
1.719477093131619e-03	-9.847183e-09
1.722026285752652e-03	-9.824377e-09
1.724575478373686e-03	-9.801541e-09
1.727124670994719e-03	-9.778677e-09
1.727927622152336e-03	-9.771468e-09
1.728480486094261e-03	-9.766504e-09
1.728878719174618e-03	-9.762926e-09
1.729194264067062e-03	-9.760091e-09
1.729458584319060e-03	-9.757716e-09
1.729700856977770e-03	-9.755539e-09
1.729947205296236e-03	-9.753325e-09
1.730238879788219e-03	-9.750703e-09
1.730521841802326e-03	-9.748160e-09
1.730868563333299e-03	-9.745042e-09
1.730961586227975e-03	-9.744206e-09
1.730997933384718e-03	-9.743879e-09
1.731013091555068e-03	-9.743743e-09
1.731024237236285e-03	-9.743642e-09
1.731035600613966e-03	-9.743540e-09
1.731053998802270e-03	-9.743375e-09
1.731071439473807e-03	-9.743218e-09
1.731086376345827e-03	-9.743084e-09
1.731096747574530e-03	-9.742990e-09
1.731103298823890e-03	-9.742932e-09
1.731107633046486e-03	-9.742893e-09
1.731111474429326e-03	-9.742858e-09
1.731115748426532e-03	-9.742820e-09
1.731120299164367e-03	-9.742779e-09
1.731122913113348e-03	-9.742755e-09
1.731125582670990e-03	-9.742731e-09
1.731128907736992e-03	-9.742701e-09
1.731132265515799e-03	-9.742671e-09
1.731137106319466e-03	-9.742627e-09
1.731142972939041e-03	-9.742575e-09
1.731152741954140e-03	-9.742487e-09
1.731168187067996e-03	-9.742348e-09
1.731199077295707e-03	-9.742070e-09
1.731234900186920e-03	-9.741748e-09
1.731280238655407e-03	-9.741340e-09
1.731350761766788e-03	-9.740706e-09
1.731441919495468e-03	-9.739886e-09
1.731699531870513e-03	-9.737569e-09
1.732200212341836e-03	-9.733064e-09
1.733110788356593e-03	-9.724868e-09
1.733902149464437e-03	-9.717743e-09
1.734145823498925e-03	-9.715548e-09
1.734381348111603e-03	-9.713427e-09
1.734777359381539e-03	-9.709859e-09
1.736377497840344e-03	-9.695436e-09
1.737960140138846e-03	-9.681159e-09
1.740216702195768e-03	-9.660784e-09
1.742798311233051e-03	-9.637445e-09
1.745926900220377e-03	-9.609121e-09
1.749679937571633e-03	-9.575085e-09
1.754143125662527e-03	-9.534525e-09
1.759335436168611e-03	-9.487227e-09
1.762664519267744e-03	-9.456837e-09
1.763068581235050e-03	-9.453145e-09
1.763472643202357e-03	-9.449453e-09
1.763876705169663e-03	-9.445759e-09
1.764280767136970e-03	-9.442065e-09
1.764684829104276e-03	-9.438370e-09
1.765088891071583e-03	-9.434675e-09
1.765492953038889e-03	-9.430979e-09
1.765741399894683e-03	-9.428705e-09
1.765994673911811e-03	-9.426388e-09
1.766150243428966e-03	-9.424964e-09
1.766316783234409e-03	-9.423440e-09
1.766367984463624e-03	-9.422971e-09
1.766426716105023e-03	-9.422434e-09
1.766451290089706e-03	-9.422209e-09
1.766467046160024e-03	-9.422064e-09
1.766479395672435e-03	-9.421951e-09
1.766488790740519e-03	-9.421865e-09
1.766496761354001e-03	-9.421792e-09
1.766503962074381e-03	-9.421727e-09
1.766511357254649e-03	-9.421659e-09
1.766518826904393e-03	-9.421591e-09
1.766527078980728e-03	-9.421515e-09
1.766537607641395e-03	-9.421418e-09
1.766548194741304e-03	-9.421322e-09
1.766561369649702e-03	-9.421201e-09
1.766576803333149e-03	-9.421059e-09
1.766591158578399e-03	-9.420928e-09
1.766598179047376e-03	-9.420864e-09
1.766602492614912e-03	-9.420825e-09
1.766606269281971e-03	-9.420790e-09
1.766611213782079e-03	-9.420745e-09
1.766613282181856e-03	-9.420726e-09
1.766615913591299e-03	-9.420702e-09
1.766619273076761e-03	-9.420671e-09
1.766622451763319e-03	-9.420642e-09
1.766626923707787e-03	-9.420601e-09
1.766631933252613e-03	-9.420555e-09
1.766639938758994e-03	-9.420482e-09
1.766651720339644e-03	-9.420374e-09
1.766675283500943e-03	-9.420158e-09
1.766684849451470e-03	-9.420071e-09
1.766695037477258e-03	-9.419978e-09
1.766701057353528e-03	-9.419923e-09
1.766706579745701e-03	-9.419872e-09
1.766711428492573e-03	-9.419828e-09
1.766715985827132e-03	-9.419786e-09
1.766720547124306e-03	-9.419744e-09
1.766725373756340e-03	-9.419700e-09
1.766732100658596e-03	-9.419638e-09
1.766738344172407e-03	-9.419582e-09
1.766745061539371e-03	-9.419520e-09
1.766752781552442e-03	-9.419449e-09
1.766762283514741e-03	-9.419362e-09
1.766772693673259e-03	-9.419267e-09
1.766775696989977e-03	-9.419240e-09
1.766778912886357e-03	-9.419209e-09
1.766780261471058e-03	-9.419198e-09
1.766781682608986e-03	-9.419185e-09
1.766782668641871e-03	-9.419176e-09
1.766783595246458e-03	-9.419167e-09
1.766784568248139e-03	-9.419158e-09
1.766785778478226e-03	-9.419147e-09
1.766786961356634e-03	-9.419137e-09
1.766788243083045e-03	-9.419125e-09
1.766789728267991e-03	-9.419111e-09
1.766791427361403e-03	-9.419096e-09
1.766793783817573e-03	-9.419074e-09
1.766797413957578e-03	-9.419042e-09
1.766801949923690e-03	-9.419001e-09
1.766809562725406e-03	-9.418931e-09
1.766811662211670e-03	-9.418911e-09
1.766813140350222e-03	-9.418898e-09
1.766813987978800e-03	-9.418890e-09
1.766814855964554e-03	-9.418882e-09
1.766815691008889e-03	-9.418874e-09
1.766816406362760e-03	-9.418867e-09
1.766817203635857e-03	-9.418859e-09
1.766817926834259e-03	-9.418853e-09
1.766818419744157e-03	-9.418849e-09
1.766818866145023e-03	-9.418844e-09
1.766819336064534e-03	-9.418840e-09
1.766819841765789e-03	-9.418835e-09
1.766820573367594e-03	-9.418828e-09
1.766821061064227e-03	-9.418824e-09
1.766821409366262e-03	-9.418821e-09
1.766821781186220e-03	-9.418818e-09
1.766822224249702e-03	-9.418813e-09
1.766822447144861e-03	-9.418812e-09
1.766822697952989e-03	-9.418809e-09
1.766822973510793e-03	-9.418806e-09
1.766823262862156e-03	-9.418804e-09
1.766823548009479e-03	-9.418801e-09
1.766823858405715e-03	-9.418798e-09
1.766824149206662e-03	-9.418796e-09
1.766824590265971e-03	-9.418791e-09
1.766825162829006e-03	-9.418786e-09
1.766825940281628e-03	-9.418779e-09
1.766826998795904e-03	-9.418768e-09
1.766828598382528e-03	-9.418753e-09
1.766831295293384e-03	-9.418728e-09
1.766835413279820e-03	-9.418689e-09
1.766839385481318e-03	-9.418653e-09
1.766844884691221e-03	-9.418602e-09
1.766851233829666e-03	-9.418544e-09
1.766860918051738e-03	-9.418458e-09
1.766872542227861e-03	-9.418355e-09
1.766887249386269e-03	-9.418221e-09
1.766896879243984e-03	-9.418131e-09
1.766904572320035e-03	-9.418059e-09
1.766912006996612e-03	-9.417990e-09
1.766920815580264e-03	-9.417908e-09
1.766930966810575e-03	-9.417816e-09
1.766941963338949e-03	-9.417716e-09
1.766956531063924e-03	-9.417585e-09
1.766967107387227e-03	-9.417489e-09
1.766979694529521e-03	-9.417373e-09
1.766993468845550e-03	-9.417245e-09
1.767012599352946e-03	-9.417069e-09
1.767020568566842e-03	-9.416996e-09
1.767027126515071e-03	-9.416937e-09
1.767036433684843e-03	-9.416852e-09
1.767043145103320e-03	-9.416792e-09
1.767052164810287e-03	-9.416709e-09
1.767063529760035e-03	-9.416604e-09
1.767083490346543e-03	-9.416421e-09
1.767112585084830e-03	-9.416154e-09
1.767147698418602e-03	-9.415833e-09
1.767192494363077e-03	-9.415423e-09
1.767243668626425e-03	-9.414954e-09
1.767295381121057e-03	-9.414481e-09
1.767350430795500e-03	-9.413977e-09
1.767423538590781e-03	-9.413307e-09
1.767483698970856e-03	-9.412757e-09
1.767547164004021e-03	-9.412175e-09
1.767604512079487e-03	-9.411650e-09
1.767670782156239e-03	-9.411044e-09
1.767736736308437e-03	-9.410439e-09
1.767809595833326e-03	-9.409772e-09
1.767876714190282e-03	-9.409157e-09
1.767949032479335e-03	-9.408494e-09
1.768020005007588e-03	-9.407844e-09
1.768098068218254e-03	-9.407129e-09
1.768179227901671e-03	-9.406386e-09
1.768270496752520e-03	-9.405550e-09
1.768369950316667e-03	-9.404639e-09
1.768485364683614e-03	-9.403581e-09
1.768618207585241e-03	-9.402364e-09
1.768780576114809e-03	-9.400877e-09
1.768982076620286e-03	-9.399029e-09
1.769250603041919e-03	-9.396569e-09
1.769542075912265e-03	-9.393896e-09
1.769835007088047e-03	-9.391211e-09
1.770140493303670e-03	-9.388410e-09
1.770458558916179e-03	-9.385493e-09
1.770810314137389e-03	-9.382267e-09
1.771204921775552e-03	-9.378647e-09
1.771670590093227e-03	-9.374374e-09
1.772230984113840e-03	-9.369231e-09
1.772941095544876e-03	-9.362711e-09
1.773878692017207e-03	-9.354100e-09
1.775224114613874e-03	-9.341736e-09
1.777391016079014e-03	-9.321806e-09
1.779555906287320e-03	-9.301873e-09
1.781592265772761e-03	-9.283104e-09
1.783689130688573e-03	-9.263759e-09
1.785679071874005e-03	-9.245381e-09
1.788583665023241e-03	-9.218525e-09
1.791709815390856e-03	-9.189577e-09
1.795874980424676e-03	-9.150940e-09
1.800410742805209e-03	-9.108777e-09
1.806122118363391e-03	-9.055555e-09
1.812575908934417e-03	-8.995237e-09
1.820783723008681e-03	-8.918258e-09
1.830749067364872e-03	-8.824391e-09
1.844348486693660e-03	-8.695578e-09
1.863272672510892e-03	-8.514959e-09
1.887749134721284e-03	-8.278990e-09
1.917854776216610e-03	-7.985120e-09
1.957660108405991e-03	-7.590451e-09
2.012379107886115e-03	-7.036620e-09
2.100001880855648e-03	-6.122811e-09
2.254067521887670e-03	-4.437029e-09
2.413183363040187e-03	-2.592312e-09
2.634440161925383e-03	1.428356e-10
2.989931558900281e-03	4.939829e-09
3.144291400154545e-03	7.170970e-09
3.144291462663518e-03	7.170971e-09
3.144291492076814e-03	7.170971e-09
3.144291530985484e-03	7.170972e-09
3.144291555620508e-03	7.170972e-09
3.144291587397948e-03	7.170973e-09
3.144291621831642e-03	7.170973e-09
3.144291690699029e-03	7.170974e-09
3.144291828433803e-03	7.170976e-09
3.144291982489131e-03	7.170978e-09
3.144292290599788e-03	7.170983e-09
3.144292625515705e-03	7.170988e-09
3.144293062914616e-03	7.170994e-09
3.144293561933717e-03	7.171002e-09
3.144294246393200e-03	7.171012e-09
3.144295163023604e-03	7.171026e-09
3.144296636915782e-03	7.171047e-09
3.144299584700138e-03	7.171090e-09
3.144303413626168e-03	7.171147e-09
3.144307197439499e-03	7.171203e-09
3.144312110901212e-03	7.171275e-09
3.144317470588074e-03	7.171354e-09
3.144324465984220e-03	7.171457e-09
3.144332859112843e-03	7.171581e-09
3.144343954147493e-03	7.171744e-09
3.144358244412834e-03	7.171955e-09
3.144377922354812e-03	7.172245e-09
3.144405673891712e-03	7.172653e-09
3.144439773644152e-03	7.173155e-09
3.144478602026076e-03	7.173727e-09
3.144526622506835e-03	7.174435e-09
3.144541528195125e-03	7.174654e-09
3.144551537790252e-03	7.174802e-09
3.144557408585075e-03	7.174888e-09
3.144561921794539e-03	7.174954e-09
3.144566258180632e-03	7.175018e-09
3.144571463314056e-03	7.175095e-09
3.144577200560675e-03	7.175180e-09
3.144582660068218e-03	7.175260e-09
3.144588444298944e-03	7.175345e-09
3.144594653284191e-03	7.175437e-09
3.144601433505372e-03	7.175537e-09
3.144610323895203e-03	7.175668e-09
3.144618790924323e-03	7.175792e-09
3.144630572496599e-03	7.175966e-09
3.144642824432419e-03	7.176146e-09
3.144663355806326e-03	7.176449e-09
3.144688087725843e-03	7.176813e-09
3.144712001944147e-03	7.177165e-09
3.144738939637767e-03	7.177562e-09
3.144765108033615e-03	7.177948e-09
3.144799470320301e-03	7.178454e-09
3.144853122886883e-03	7.179244e-09
3.144937577901191e-03	7.180488e-09
3.145015325179964e-03	7.181634e-09
3.145170819737511e-03	7.183924e-09
3.145481808852604e-03	7.188506e-09
3.146022798412152e-03	7.196477e-09
3.147104777531248e-03	7.212422e-09
3.149268735769440e-03	7.244325e-09
3.153596652245824e-03	7.308182e-09
3.162252485198591e-03	7.436098e-09
3.178931582842877e-03	7.683343e-09
3.196177481860354e-03	7.940040e-09
3.219964062967789e-03	8.295838e-09
3.244832667771824e-03	8.669979e-09
3.276782288628135e-03	9.153875e-09
3.312307438121265e-03	9.696158e-09
3.358450044106453e-03	1.040713e-08
3.414338623495335e-03	1.127819e-08
3.492364218467737e-03	1.251229e-08
3.602118550493295e-03	1.428325e-08
3.751931746691928e-03	1.676540e-08
3.919706977181662e-03	1.963194e-08
4.137649650309824e-03	2.348844e-08
4.279338520033867e-03	2.607426e-08
4.435706041268048e-03	2.899820e-08
4.444639242298749e-03	2.916743e-08
4.453572443329451e-03	2.933689e-08
4.462505644360151e-03	2.950657e-08
4.471438845390852e-03	2.967650e-08
4.480372046421553e-03	2.984665e-08
4.489305247452255e-03	3.001703e-08
4.498238448482956e-03	3.018765e-08
4.503105046264343e-03	3.028069e-08
4.508344120763920e-03	3.038093e-08
4.513634506132228e-03	3.048223e-08
4.522160117288111e-03	3.064565e-08
4.529724734986233e-03	3.079083e-08
4.541412943607738e-03	3.101547e-08
4.557113174288739e-03	3.131783e-08
4.574936810333797e-03	3.166193e-08
4.598396776928797e-03	3.211623e-08
4.630087809894770e-03	3.273240e-08
4.672779888472861e-03	3.356693e-08
4.724779407136346e-03	3.459029e-08
4.788002191780767e-03	3.584460e-08
4.864665380771836e-03	3.738027e-08
4.961598803607608e-03	3.934471e-08
5.079351947705289e-03	4.176466e-08
5.238402687410620e-03	4.509051e-08
5.456574837552358e-03	4.975636e-08
5.803447045376527e-03	5.741069e-08
6.169013356896557e-03	6.577533e-08
6.711913995437831e-03	7.871882e-08
7.521624178502101e-03	9.905915e-08
8.498186678502101e-03	1.250196e-07
9.474749178502101e-03	1.522997e-07
1.045131167850210e-02	1.806633e-07
1.142787417850210e-02	2.098957e-07
1.240443667850210e-02	2.398058e-07
1.338099917850210e-02	2.702251e-07
1.435756167850210e-02	3.010060e-07
1.533412417850210e-02	3.320188e-07
1.631068667850210e-02	3.631502e-07
1.728724917850210e-02	3.943010e-07
1.826381167850210e-02	4.253846e-07
1.924037417850210e-02	4.563254e-07
2.021693667850210e-02	4.870578e-07
2.119349917850210e-02	5.175245e-07
2.217006167850210e-02	5.476763e-07
2.314662417850210e-02	5.774705e-07
2.412318667850210e-02	6.068706e-07
2.509974917850210e-02	6.358453e-07
2.607631167850210e-02	6.643681e-07
2.705287417850210e-02	6.924170e-07
2.802943667850210e-02	7.199734e-07
2.900599917850210e-02	7.470223e-07
2.998256167850210e-02	7.735517e-07
3.095912417850210e-02	7.995521e-07
3.193568667850210e-02	8.250164e-07
3.291224917850210e-02	8.499397e-07
3.388881167850210e-02	8.743190e-07
3.417246346421639e-02	8.812979e-07
3.445611524993067e-02	8.882309e-07
3.473976703564496e-02	8.951178e-07
3.502341882135925e-02	9.019587e-07
3.530707060707353e-02	9.087535e-07
3.559072239278781e-02	9.155023e-07
3.587437417850210e-02	9.222051e-07
3.685093667850210e-02	9.449308e-07
3.782749917850210e-02	9.671153e-07
3.880406167850210e-02	9.887622e-07
3.978062417850210e-02	1.009876e-06
4.075718667850210e-02	1.030462e-06
4.173374917850210e-02	1.050525e-06
4.201740096421639e-02	1.056256e-06
4.230105274993067e-02	1.061944e-06
4.258470453564496e-02	1.067588e-06
4.286835632135925e-02	1.073190e-06
4.315200810707354e-02	1.078748e-06
4.343565989278782e-02	1.084264e-06
4.371931167850211e-02	1.089736e-06
4.469587417850211e-02	1.108258e-06
4.567243667850211e-02	1.126288e-06
4.664899917850211e-02	1.143835e-06
4.762556167850211e-02	1.160906e-06
4.860212417850211e-02	1.177510e-06
4.957868667850211e-02	1.193657e-06
5.000184739278782e-02	1.200512e-06
5.042500810707354e-02	1.207285e-06
5.084816882135925e-02	1.213976e-06
5.127132953564496e-02	1.220585e-06
5.169449024993068e-02	1.227113e-06
5.211765096421640e-02	1.233558e-06
5.254081167850211e-02	1.239921e-06
5.351737417850211e-02	1.254314e-06
5.449393667850211e-02	1.268295e-06
5.547049917850211e-02	1.281875e-06
5.644706167850211e-02	1.295062e-06
5.742362417850211e-02	1.307866e-06
5.798629382135925e-02	1.315069e-06
5.854896346421640e-02	1.322154e-06
5.911163310707354e-02	1.329120e-06
5.967430274993069e-02	1.335967e-06
6.023697239278782e-02	1.342695e-06
6.079964203564497e-02	1.349304e-06
6.136231167850211e-02	1.355795e-06
6.331543667850212e-02	1.377489e-06
6.512774696773321e-02	1.396461e-06
6.512774958632565e-02	1.396461e-06
6.512775210808820e-02	1.396461e-06
6.512775457770428e-02	1.396461e-06
6.512775719474069e-02	1.396461e-06
6.512776058469202e-02	1.396462e-06
6.512777315298054e-02	1.396464e-06
6.512777868962284e-02	1.396464e-06
6.512778888976785e-02	1.396466e-06
6.512780069090257e-02	1.396467e-06
6.512780230099409e-02	1.396467e-06
6.512780423468108e-02	1.396467e-06
6.512780621656020e-02	1.396467e-06
6.512780929791560e-02	1.396467e-06
6.512781273350822e-02	1.396467e-06
6.512781684535111e-02	1.396467e-06
6.512781901998274e-02	1.396467e-06
6.512782734803466e-02	1.396468e-06
6.512783096388636e-02	1.396468e-06
6.512783981025079e-02	1.396470e-06
6.512784519271662e-02	1.396470e-06
6.512785176898750e-02	1.396471e-06
6.512785530099738e-02	1.396472e-06
6.512785920283547e-02	1.396472e-06
6.512786243339111e-02	1.396473e-06
6.512786532473901e-02	1.396473e-06
6.512786975462891e-02	1.396473e-06
6.512787141364003e-02	1.396473e-06
6.512787602497593e-02	1.396473e-06
6.512788372975718e-02	1.396474e-06
6.512788641856913e-02	1.396474e-06
6.512788910738107e-02	1.396474e-06
6.512789179619302e-02	1.396474e-06
6.512789448500497e-02	1.396474e-06
6.512789717381692e-02	1.396474e-06
6.512789986262886e-02	1.396475e-06
6.512790255144081e-02	1.396475e-06
6.512791259211287e-02	1.396477e-06
6.512791917798361e-02	1.396478e-06
6.512792279309887e-02	1.396478e-06
6.512792673525726e-02	1.396479e-06
6.512793001572154e-02	1.396479e-06
6.512793297567117e-02	1.396479e-06
6.512793764653867e-02	1.396479e-06
6.512794167579065e-02	1.396480e-06
6.512794384030997e-02	1.396480e-06
6.512795361983520e-02	1.396480e-06
6.512796309761294e-02	1.396481e-06
6.512796702107961e-02	1.396481e-06
6.512797633505013e-02	1.396482e-06
6.512798202482591e-02	1.396483e-06
6.512799670797936e-02	1.396485e-06
6.512800242568806e-02	1.396485e-06
6.512800689322952e-02	1.396486e-06
6.512801359442433e-02	1.396486e-06
6.512801941124378e-02	1.396486e-06
6.512802817536657e-02	1.396487e-06
6.512803192276415e-02	1.396487e-06
6.512804586626321e-02	1.396489e-06
6.512805195354723e-02	1.396490e-06
6.512805776005892e-02	1.396490e-06
6.512806148062776e-02	1.396491e-06
6.512806781124947e-02	1.396491e-06
6.512807068246083e-02	1.396492e-06
6.512807324619004e-02	1.396492e-06
6.512807742672683e-02	1.396492e-06
6.512807984211387e-02	1.396492e-06
6.512808247041757e-02	1.396492e-06
6.512808614845850e-02	1.396492e-06
6.512809577046037e-02	1.396493e-06
6.512809979272689e-02	1.396493e-06
6.512810399163838e-02	1.396494e-06
6.512810875545562e-02	1.396494e-06
6.512812023335189e-02	1.396496e-06
6.512812559879248e-02	1.396497e-06
6.512812922728745e-02	1.396497e-06
6.512813262176775e-02	1.396498e-06
6.512813878800215e-02	1.396498e-06
6.512814378656209e-02	1.396498e-06
6.512814854980387e-02	1.396498e-06
6.512815140540693e-02	1.396499e-06
6.512815764215307e-02	1.396499e-06
6.512816253361932e-02	1.396499e-06
6.512816742508556e-02	1.396500e-06
6.512817231655181e-02	1.396500e-06
6.512817720801804e-02	1.396501e-06
6.512818209948429e-02	1.396501e-06
6.512818699095053e-02	1.396502e-06
6.512819188241678e-02	1.396503e-06
6.512820294477253e-02	1.396504e-06
6.512820617842638e-02	1.396504e-06
6.512820909964055e-02	1.396504e-06
6.512821679874026e-02	1.396505e-06
6.512822706747302e-02	1.396505e-06
6.512823530601207e-02	1.396506e-06
6.512823984124881e-02	1.396506e-06
6.512825007960506e-02	1.396508e-06
6.512825642711394e-02	1.396509e-06
6.512826547369636e-02	1.396510e-06
6.512826899938762e-02	1.396510e-06
6.512827235165507e-02	1.396510e-06
6.512827863181778e-02	1.396511e-06
6.512828146956637e-02	1.396511e-06
6.512828424832540e-02	1.396511e-06
6.512829466168292e-02	1.396511e-06
6.512830304834273e-02	1.396512e-06
6.512831789335254e-02	1.396514e-06
6.512833419651845e-02	1.396516e-06
6.512833771829679e-02	1.396516e-06
6.512834442733313e-02	1.396517e-06
6.512835088401736e-02	1.396517e-06
6.512835435681288e-02	1.396517e-06
6.512835792230734e-02	1.396518e-06
6.512836166217617e-02	1.396518e-06
6.512836557213039e-02	1.396518e-06
6.512837038954666e-02	1.396518e-06
6.512837477346627e-02	1.396519e-06
6.512838000029295e-02	1.396519e-06
6.512839165403982e-02	1.396521e-06
6.512840023574237e-02	1.396522e-06
6.512840908951240e-02	1.396523e-06
6.512841246399324e-02	1.396523e-06
6.512841937694643e-02	1.396524e-06
6.512842729868892e-02	1.396524e-06
6.512843131602289e-02	1.396524e-06
6.512843533335687e-02	1.396524e-06
6.512843935069083e-02	1.396525e-06
6.512844336802481e-02	1.396525e-06
6.512844738535878e-02	1.396526e-06
6.512845140269276e-02	1.396526e-06
6.512845542002672e-02	1.396527e-06
6.512846191487698e-02	1.396528e-06
6.512846827918148e-02	1.396528e-06
6.512847248324902e-02	1.396529e-06
6.512847619913162e-02	1.396529e-06
6.512847982862151e-02	1.396529e-06
6.512848356192405e-02	1.396530e-06
6.512848744984828e-02	1.396530e-06
6.512850034437737e-02	1.396531e-06
6.512850448453146e-02	1.396531e-06
6.512851945783286e-02	1.396533e-06
6.512852550796633e-02	1.396533e-06
6.512853718207347e-02	1.396535e-06
6.512854557605428e-02	1.396535e-06
6.512854952241300e-02	1.396536e-06
6.512856248647050e-02	1.396537e-06
6.512857213040366e-02	1.396537e-06
6.512857641177548e-02	1.396538e-06
6.512858127618865e-02	1.396538e-06
6.512859915380116e-02	1.396540e-06
6.512860853995141e-02	1.396541e-06
6.512861412244496e-02	1.396542e-06
6.512862701897031e-02	1.396543e-06
6.512863746905602e-02	1.396543e-06
6.512864176711940e-02	1.396544e-06
6.512864624952869e-02	1.396544e-06
6.512865703340565e-02	1.396545e-06
6.512866292048734e-02	1.396546e-06
6.512867003380383e-02	1.396547e-06
6.512867813776924e-02	1.396548e-06
6.512869699548349e-02	1.396549e-06
6.512870221142271e-02	1.396550e-06
6.512870852689648e-02	1.396550e-06
6.512871772030591e-02	1.396551e-06
6.512873551581634e-02	1.396553e-06
6.512875822026531e-02	1.396555e-06
6.512876316067912e-02	1.396555e-06
6.512877454994180e-02	1.396556e-06
6.512878085865903e-02	1.396557e-06
6.512878716737627e-02	1.396557e-06
6.512879347609350e-02	1.396558e-06
6.512879978481075e-02	1.396559e-06
6.512880609352797e-02	1.396559e-06
6.512881240224522e-02	1.396560e-06
6.512881871096245e-02	1.396561e-06
6.512882363036060e-02	1.396561e-06
6.512882875616197e-02	1.396562e-06
6.512884039471407e-02	1.396563e-06
6.512885584757973e-02	1.396564e-06
6.512886257321480e-02	1.396564e-06
6.512886926631548e-02	1.396565e-06
6.512888437038689e-02	1.396567e-06
6.512889346483224e-02	1.396568e-06
6.512891154511484e-02	1.396569e-06
6.512891854524545e-02	1.396570e-06
6.512892737277334e-02	1.396570e-06
6.512893340775736e-02	1.396571e-06
6.512895517380139e-02	1.396573e-06
6.512897916008804e-02	1.396575e-06
6.512898634797416e-02	1.396576e-06
6.512899426515734e-02	1.396577e-06
6.512900187556595e-02	1.396578e-06
6.512900948597455e-02	1.396578e-06
6.512901709638316e-02	1.396579e-06
6.512902470679179e-02	1.396580e-06
6.512903231720039e-02	1.396580e-06
6.512903992760900e-02	1.396581e-06
6.512904753801761e-02	1.396582e-06
6.512905471675037e-02	1.396583e-06
6.512906343497098e-02	1.396583e-06
6.512907264432506e-02	1.396584e-06
6.512908107434354e-02	1.396585e-06
6.512908901253958e-02	1.396586e-06
6.512909839941351e-02	1.396587e-06
6.512912160323070e-02	1.396589e-06
6.512913145083916e-02	1.396590e-06
6.512914242164518e-02	1.396591e-06
6.512915401052667e-02	1.396592e-06
6.512916402600849e-02	1.396593e-06
6.512918777579428e-02	1.396595e-06
6.512920264474199e-02	1.396596e-06
6.512922963602777e-02	1.396599e-06
6.512925924908321e-02	1.396602e-06
6.512937161563684e-02	1.396612e-06
6.512940502239180e-02	1.396615e-06
6.512945321468389e-02	1.396620e-06
6.512950399351303e-02	1.396625e-06
6.512971147765872e-02	1.396644e-06
6.513064968369003e-02	1.396733e-06
6.513158788972133e-02	1.396823e-06
6.513252609575264e-02	1.396914e-06
6.513346430178393e-02	1.397007e-06
6.513440250781524e-02	1.397100e-06
6.513534071384654e-02	1.397195e-06
6.513627891987785e-02	1.397291e-06
6.514305821507177e-02	1.398024e-06
6.515661680545963e-02	1.399754e-06
6.517556942091780e-02	1.403009e-06
6.519576670431501e-02	1.408147e-06
6.521581047904124e-02	1.416004e-06
6.523579471334258e-02	1.428347e-06
6.525544995478499e-02	1.447713e-06
6.527491081881190e-02	1.478467e-06
6.529418988506888e-02	1.527479e-06
6.531334065486161e-02	1.605890e-06
6.533239466344119e-02	1.731576e-06
6.535137714396948e-02	1.933286e-06
6.537030707775633e-02	2.257234e-06
6.538919802697063e-02	2.777693e-06
6.540806036631626e-02	3.614043e-06
6.542690186087613e-02	4.958154e-06
6.544572868069604e-02	7.118434e-06
6.546454600108971e-02	1.059068e-05
6.548335865032724e-02	1.617211e-05
6.550217178476571e-02	2.514522e-05
6.550246584667448e-02	2.531322e-05
6.550323775918497e-02	2.575923e-05
6.550331127466216e-02	2.580211e-05
6.550345830561655e-02	2.588809e-05
6.550346290033388e-02	2.589078e-05
6.550347208976852e-02	2.589617e-05
6.550349046863782e-02	2.590694e-05
6.550360074185360e-02	2.597168e-05
6.550404183471675e-02	2.623246e-05
6.550580620616933e-02	2.730520e-05
6.550815870143943e-02	2.881256e-05
6.551286369197964e-02	3.211504e-05
6.552227367306007e-02	4.007320e-05
6.552801844781551e-02	4.598004e-05
6.552897591027475e-02	4.704750e-05
6.553089083519323e-02	4.924575e-05
6.553136956642285e-02	4.981267e-05
6.553274591870800e-02	5.147495e-05
6.553283568081356e-02	5.158514e-05
6.553319472923577e-02	5.202835e-05
6.553367346046539e-02	5.262556e-05
6.553654584784310e-02	5.636509e-05
6.554037569768006e-02	6.179787e-05
6.554803539735399e-02	7.442481e-05
6.556335479670183e-02	1.088703e-04
6.557983271771282e-02	1.649771e-04
6.559822281877435e-02	2.629373e-04
6.561661886670812e-02	4.183867e-04
6.563561875295175e-02	6.737338e-04
6.565461355451302e-02	1.079211e-03
6.567403301695103e-02	1.734776e-03
6.569371658575812e-02	2.777947e-03
6.571406016045202e-02	4.452590e-03
6.573523039921751e-02	7.120536e-03
6.575781943281683e-02	1.139853e-02
6.578244081389038e-02	1.824478e-02
6.580375517207540e-02	2.634133e-02
6.582644798587985e-02	3.741720e-02
6.584735548776866e-02	4.992469e-02
6.586895865914770e-02	6.508829e-02
6.589163864928299e-02	8.323134e-02
6.591997104114251e-02	1.085693e-01
6.593483380517738e-02	1.228838e-01
6.594406202916428e-02	1.320713e-01
6.595010973755341e-02	1.381970e-01
6.595518513295938e-02	1.433860e-01
6.596053149457942e-02	1.488903e-01
6.596546904491064e-02	1.540058e-01
6.597540544557320e-02	1.643908e-01
6.598033402331764e-02	1.695861e-01
6.599022999609738e-02	1.801053e-01
6.599527010576149e-02	1.855076e-01
6.600589817235648e-02	1.969973e-01
6.601179858957897e-02	2.034330e-01
6.601859754798027e-02	2.108988e-01
6.602723521504790e-02	2.204561e-01
6.604149721941421e-02	2.363731e-01
6.605769557577053e-02	2.545933e-01
6.607523623073991e-02	2.744302e-01
6.609788824075506e-02	3.001397e-01
6.612973027651033e-02	3.363707e-01
6.617090829452063e-02	3.833012e-01
6.620993439495600e-02	4.278172e-01
6.625337875255502e-02	4.773882e-01
6.629469826434199e-02	5.245354e-01
6.633818165629107e-02	5.741423e-01
6.638077042762966e-02	6.227107e-01
6.642481106500038e-02	6.729059e-01
6.646909037132288e-02	7.233305e-01
6.651502180591652e-02	7.755758e-01
6.656269842707888e-02	8.297265e-01
6.661371639499469e-02	8.875773e-01
6.666949222932654e-02	9.507303e-01
6.673300360705950e-02	1.022585e+00
6.680839766013574e-02	1.107913e+00
6.689075184844696e-02	1.199044e+00
6.698549347190105e-02	1.294043e+00
6.704335183052958e-02	1.346722e+00
6.711013999248963e-02	1.403219e+00
6.713801989394762e-02	1.425593e+00
6.714678467375064e-02	1.432493e+00
6.715086781645738e-02	1.435687e+00
6.716734159675482e-02	1.448462e+00
6.722096704729251e-02	1.488952e+00
6.729246764800943e-02	1.540918e+00
6.743546884944326e-02	1.640647e+00
6.763813345396294e-02	1.778029e+00
6.785238371583029e-02	1.923540e+00
6.813279892802764e-02	2.120102e+00
6.845972441594061e-02	2.361555e+00
6.894510504291643e-02	2.746283e+00
6.896110504291643e-02	2.759500e+00
6.899310504291643e-02	2.786036e+00
6.905710504291643e-02	2.839512e+00
6.918510504291643e-02	2.948052e+00
6.944110504291644e-02	3.171272e+00
6.960114512767593e-02	3.314874e+00
6.972685029987524e-02	3.429795e+00
6.983366784812546e-02	3.528881e+00
6.993545683846888e-02	3.624491e+00
7.002993048481028e-02	3.714240e+00
7.009994947314063e-02	3.781368e+00
7.012537861919961e-02	3.805874e+00
7.013871807090835e-02	3.818757e+00
7.014537037730459e-02	3.825187e+00
7.014945131096781e-02	3.829135e+00
7.015335614674154e-02	3.832914e+00
7.015441702537338e-02	3.833941e+00
7.015531756582141e-02	3.834812e+00
7.015642846074796e-02	3.835888e+00
7.015682843757926e-02	3.836275e+00
7.015754163831951e-02	3.836966e+00
7.015789434234726e-02	3.837307e+00
7.015823801413265e-02	3.837640e+00
7.015893697913564e-02	3.838317e+00
7.015927011140853e-02	3.838639e+00
7.015959649502761e-02	3.838956e+00
7.016024177175306e-02	3.839581e+00
7.016119439785731e-02	3.840503e+00
7.016150921349548e-02	3.840808e+00
7.016259464286895e-02	3.841860e+00
7.016306251346542e-02	3.842313e+00
7.016424610072271e-02	3.843460e+00
7.016502990383947e-02	3.844219e+00
7.016602387218600e-02	3.845183e+00
7.017231630240722e-02	3.851283e+00
7.017823962578427e-02	3.857029e+00
7.019008627253839e-02	3.868532e+00
7.020715799649369e-02	3.885133e+00
7.021225012745454e-02	3.890090e+00
7.021625384287679e-02	3.893989e+00
7.022176869002950e-02	3.899364e+00
7.022472294934445e-02	3.902244e+00
7.022902373799114e-02	3.906440e+00
7.023357230489403e-02	3.910879e+00
7.024266943869981e-02	3.919766e+00
7.026086370631136e-02	3.937568e+00
7.029094402892695e-02	3.967087e+00
7.032334320141394e-02	3.999001e+00
7.036638128121367e-02	4.041581e+00
7.037356451167016e-02	4.048711e+00
7.039456676254381e-02	4.069587e+00
7.039851595074278e-02	4.073518e+00
7.040072206714068e-02	4.075714e+00
7.040285634845565e-02	4.077839e+00
7.040340654969980e-02	4.078388e+00
7.040378068704517e-02	4.078760e+00
7.040426384191090e-02	4.079242e+00
7.040501095064348e-02	4.079986e+00
7.040600709562027e-02	4.080978e+00
7.040799938557382e-02	4.082963e+00
7.041198396548094e-02	4.086935e+00
7.041995312529518e-02	4.094884e+00
7.043589144492367e-02	4.110803e+00
7.046776808418063e-02	4.142725e+00
7.053152136269457e-02	4.206905e+00
7.065902791972244e-02	4.336577e+00
7.080026415075402e-02	4.482217e+00
7.097988728151816e-02	4.670414e+00
7.120447734382856e-02	4.910298e+00
7.149089958698721e-02	5.223399e+00
7.184251165623531e-02	5.618425e+00
7.227578623737330e-02	6.120787e+00
7.227678623737330e-02	6.121966e+00
7.232478623737330e-02	6.178680e+00
7.238878623737330e-02	6.254615e+00
7.251678623737330e-02	6.407561e+00
7.277278623737331e-02	6.717676e+00
7.277378623737331e-02	6.718898e+00
7.278978623737331e-02	6.738469e+00
7.282178623737331e-02	6.777674e+00
7.288578623737331e-02	6.856343e+00
7.301378623737331e-02	7.014706e+00
7.314494934762771e-02	7.178386e+00
7.325510592129712e-02	7.316939e+00
7.337574248405365e-02	7.469800e+00
7.347270946495921e-02	7.593515e+00
7.352013069246288e-02	7.654291e+00
7.358568222413554e-02	7.738595e+00
7.364272920937560e-02	7.812238e+00
7.370465964008742e-02	7.892473e+00
7.376797771873485e-02	7.974815e+00
7.388220605459345e-02	8.124146e+00
7.398263237374415e-02	8.256261e+00
7.406829225438837e-02	8.369555e+00
7.415366903481198e-02	8.483024e+00
7.424290447946007e-02	8.602202e+00
7.434009368230182e-02	8.732668e+00
7.444681520045822e-02	8.876716e+00
7.455199295045961e-02	9.019465e+00
7.466149429381287e-02	9.168889e+00
7.477464065671478e-02	9.324122e+00
7.489418353341228e-02	9.489019e+00
7.491028629596781e-02	9.511309e+00
7.491431198660670e-02	9.516882e+00
7.491531840926642e-02	9.518275e+00
7.491557001493135e-02	9.518623e+00
7.491619902909367e-02	9.519494e+00
7.491645063475860e-02	9.519843e+00
7.491695384608846e-02	9.520549e+00
7.491731572977593e-02	9.521047e+00
7.491776772672747e-02	9.521629e+00
7.491837469923293e-02	9.522308e+00
7.491911120625661e-02	9.522933e+00
7.491990185522369e-02	9.523338e+00
7.492062010492821e-02	9.523476e+00
7.492115990650211e-02	9.523452e+00
7.492158524130957e-02	9.523371e+00
7.492210594803267e-02	9.523223e+00
7.492237595485352e-02	9.523132e+00
7.492251881196658e-02	9.523081e+00
7.492275090099912e-02	9.522996e+00
7.492295213433521e-02	9.522920e+00
7.492311821717004e-02	9.522857e+00
7.492327832956912e-02	9.522796e+00
7.492345323322210e-02	9.522728e+00
7.492361264764771e-02	9.522667e+00
7.492377658177593e-02	9.522603e+00
7.492394448008624e-02	9.522538e+00
7.492412389292868e-02	9.522469e+00
7.492431804348255e-02	9.522393e+00
7.492453461489403e-02	9.522309e+00
7.492478194531262e-02	9.522213e+00
7.492507325889362e-02	9.522100e+00
7.492542792250317e-02	9.521962e+00
7.492587803881347e-02	9.521788e+00
7.492647915468051e-02	9.521555e+00
7.492739374222653e-02	9.521200e+00
7.492922291731856e-02	9.520491e+00
7.493022291731856e-02	9.520103e+00
7.493168520762153e-02	9.519535e+00
7.493265490584082e-02	9.519159e+00
7.493303683993863e-02	9.519011e+00
7.493330104558427e-02	9.518909e+00
7.493343791272128e-02	9.518855e+00
7.493354657496659e-02	9.518813e+00
7.493360176661241e-02	9.518791e+00
7.493364823226729e-02	9.518773e+00
7.493367162710854e-02	9.518764e+00
7.493369199767999e-02	9.518757e+00
7.493370248836508e-02	9.518752e+00
7.493371089936179e-02	9.518749e+00
7.493371776850771e-02	9.518746e+00
7.493372552409477e-02	9.518744e+00
7.493373326321139e-02	9.518741e+00
7.493373970916403e-02	9.518738e+00
7.493374590955437e-02	9.518736e+00
7.493375296721397e-02	9.518733e+00
7.493375674942222e-02	9.518731e+00
7.493375921981359e-02	9.518730e+00
7.493376148433013e-02	9.518729e+00
7.493376377090326e-02	9.518728e+00
7.493376710696535e-02	9.518727e+00
7.493377083481255e-02	9.518726e+00
7.493377599906627e-02	9.518724e+00
7.493378355631941e-02	9.518721e+00
7.493378941672846e-02	9.518719e+00
7.493379640034091e-02	9.518716e+00
7.493380310732066e-02	9.518713e+00
7.493381101239406e-02	9.518710e+00
7.493381855860211e-02	9.518707e+00
7.493382520700026e-02	9.518705e+00
7.493383031496816e-02	9.518703e+00
7.493383363343847e-02	9.518702e+00
7.493383746228240e-02	9.518701e+00
7.493384142265377e-02	9.518699e+00
7.493384751093062e-02	9.518696e+00
7.493385513569964e-02	9.518693e+00
7.493385837476124e-02	9.518692e+00
7.493386149609856e-02	9.518691e+00
7.493386449336990e-02	9.518690e+00
7.493386868346419e-02	9.518688e+00
7.493387320134601e-02	9.518686e+00
7.493387888985199e-02	9.518684e+00
7.493388526633533e-02	9.518682e+00
7.493389360879306e-02	9.518679e+00
7.493390452769201e-02	9.518674e+00
7.493391402908671e-02	9.518670e+00
7.493392267799315e-02	9.518667e+00
7.493393099112046e-02	9.518663e+00
7.493394035942771e-02	9.518661e+00
7.493394890375293e-02	9.518657e+00
7.493395901802635e-02	9.518653e+00
7.493397044240933e-02	9.518648e+00
7.493397946761149e-02	9.518645e+00
7.493398880846680e-02	9.518641e+00
7.493399929808540e-02	9.518638e+00
7.493401038478117e-02	9.518633e+00
7.493402606215932e-02	9.518627e+00
7.493403860384604e-02	9.518622e+00
7.493405106142269e-02	9.518618e+00
7.493406658868648e-02	9.518611e+00
7.493408097529854e-02	9.518605e+00
7.493410194830068e-02	9.518598e+00
7.493411953429763e-02	9.518591e+00
7.493414042609034e-02	9.518582e+00
7.493416234463175e-02	9.518574e+00
7.493418571203438e-02	9.518565e+00
7.493421411936334e-02	9.518554e+00
7.493424410760130e-02	9.518542e+00
7.493428307028398e-02	9.518527e+00
7.493433017037338e-02	9.518509e+00
7.493439004744491e-02	9.518486e+00
7.493448955088305e-02	9.518447e+00
7.493459172323025e-02	9.518408e+00
7.493479606792465e-02	9.518329e+00
7.493511407263874e-02	9.518205e+00
7.493575008206692e-02	9.517959e+00
7.493702210092328e-02	9.517465e+00
7.493908352515515e-02	9.516665e+00
7.494228627882372e-02	9.515424e+00
7.494580618213842e-02	9.514058e+00
7.494899496080934e-02	9.512822e+00
7.495237988059356e-02	9.511510e+00
7.495574958014277e-02	9.510203e+00
7.495926894503782e-02	9.508840e+00
7.496298452815717e-02	9.507400e+00
7.496707746110395e-02	9.505814e+00
7.497190507915373e-02	9.503942e+00
7.497867761421291e-02	9.501319e+00
7.498414654885671e-02	9.499201e+00
7.499038004121701e-02	9.496787e+00
7.499734928501957e-02	9.494088e+00
7.500512765936249e-02	9.491077e+00
7.501701124372069e-02	9.486478e+00
7.502694427910860e-02	9.482635e+00
7.503977908643257e-02	9.477670e+00
7.505159052299383e-02	9.473102e+00
7.507077022324585e-02	9.465688e+00
7.510687997174795e-02	9.451736e+00
7.514601506268508e-02	9.436625e+00
7.521914477339568e-02	9.408406e+00
7.526276174217050e-02	9.391582e+00
7.529770274871256e-02	9.378104e+00
7.531163279490445e-02	9.372731e+00
7.531834794284152e-02	9.370141e+00
7.532185848349596e-02	9.368787e+00
7.532413939931507e-02	9.367907e+00
7.532502894465372e-02	9.367563e+00
7.532602129019002e-02	9.367181e+00
7.532710894305526e-02	9.366761e+00
7.532790807121748e-02	9.366453e+00
7.532876202309721e-02	9.366124e+00
7.532993017051197e-02	9.365673e+00
7.533103614546359e-02	9.365247e+00
7.533262842695367e-02	9.364633e+00
7.533420726479119e-02	9.364024e+00
7.533646963318211e-02	9.363152e+00
7.533888491255730e-02	9.362221e+00
7.534245150260031e-02	9.360847e+00
7.534666670148403e-02	9.359221e+00
7.535345011409714e-02	9.356608e+00
7.536274469731591e-02	9.353028e+00
7.538085088757843e-02	9.346060e+00
7.541495243978939e-02	9.332949e+00
7.548208056466635e-02	9.307200e+00
7.558393050831909e-02	9.268284e+00
7.575095257044985e-02	9.204844e+00
7.597490046803791e-02	9.120503e+00
7.631252491244506e-02	8.994886e+00
7.662520625477291e-02	8.880172e+00
7.725056893942861e-02	8.655311e+00
7.725156893942861e-02	8.654956e+00
7.726756893942861e-02	8.649282e+00
7.729956893942862e-02	8.637948e+00
7.736356893942861e-02	8.615327e+00
7.749156893942862e-02	8.570268e+00
7.774756893942862e-02	8.480888e+00
7.806938948461020e-02	8.369901e+00
7.846381701179113e-02	8.235909e+00
7.876397871330484e-02	8.135422e+00
7.916454672019266e-02	8.003288e+00
7.932861710123659e-02	7.949820e+00
7.945124688792263e-02	7.910112e+00
7.955107104766213e-02	7.877964e+00
7.964351617159680e-02	7.848351e+00
7.972954221693489e-02	7.820961e+00
7.981103836215411e-02	7.795208e+00
7.989738526032558e-02	7.768211e+00
7.997620496604789e-02	7.743952e+00
8.005602301393974e-02	7.719955e+00
8.013657713357761e-02	7.696623e+00
8.022284853688004e-02	7.673127e+00
8.032305891961672e-02	7.648677e+00
8.047431876610474e-02	7.619696e+00
8.058470981066206e-02	7.604974e+00
8.070951170159052e-02	7.594143e+00
8.083754266183996e-02	7.587797e+00
8.103029897721221e-02	7.583365e+00
8.125064940398684e-02	7.581828e+00
8.145015185830641e-02	7.581692e+00
8.172074036792690e-02	7.581856e+00
8.204712486940739e-02	7.582017e+00
8.269354492342690e-02	7.582105e+00
8.269454492342690e-02	7.582105e+00
8.271054492342690e-02	7.582104e+00
8.274254492342691e-02	7.582101e+00
8.280654492342690e-02	7.582097e+00
8.293454492342690e-02	7.582091e+00
8.319054492342691e-02	7.582086e+00
8.370254492342691e-02	7.582082e+00
8.370354492342691e-02	7.582082e+00
8.371954492342691e-02	7.582083e+00
8.375154492342692e-02	7.582084e+00
8.381554492342691e-02	7.582086e+00
8.394354492342691e-02	7.582097e+00
8.419954492342692e-02	7.582285e+00
8.436059674221973e-02	7.583254e+00
8.447557933194512e-02	7.586202e+00
8.456381144503136e-02	7.592855e+00
8.463124301758594e-02	7.604614e+00
8.468973643140310e-02	7.624938e+00
8.474647994084282e-02	7.661550e+00
8.480298360184160e-02	7.726315e+00
8.486122271903959e-02	7.840846e+00
8.491685855903042e-02	8.021182e+00
8.497191760244378e-02	8.283293e+00
8.501791384828615e-02	8.557939e+00
8.504475810958727e-02	8.753399e+00
8.507372604633043e-02	9.009004e+00
8.507472604633043e-02	9.018673e+00
8.507672604633043e-02	9.038370e+00
8.508072604633043e-02	9.078501e+00
8.508872604633043e-02	9.162391e+00
8.508897604633042e-02	9.165093e+00
8.508947604633042e-02	9.170510e+00
8.509047604633042e-02	9.181402e+00
8.509147604633042e-02	9.192371e+00
8.509347604633043e-02	9.214541e+00
8.509747604633043e-02	9.259825e+00
8.510547604633042e-02	9.354139e+00
8.512247604633043e-02	9.570083e+00
8.513847604633043e-02	9.791076e+00
8.513947604633043e-02	9.805412e+00
8.515547604633043e-02	1.004170e+01
8.515647604633043e-02	1.005690e+01
8.516227572360055e-02	1.014584e+01
8.516327572360055e-02	1.016131e+01
8.516642638424195e-02	1.021032e+01
8.516946825192917e-02	1.025796e+01
8.517203934867960e-02	1.029847e+01
8.517414415512974e-02	1.033178e+01
8.517596413330802e-02	1.036069e+01
8.517760535275341e-02	1.038683e+01
8.517913274443800e-02	1.041122e+01
8.518058740253971e-02	1.043450e+01
8.518210835127189e-02	1.045889e+01
8.518352045790310e-02	1.048157e+01
8.518493742863505e-02	1.050436e+01
8.518634402553923e-02	1.052701e+01
8.518778349306107e-02	1.055019e+01
8.518929184071682e-02	1.057447e+01
8.519093727110069e-02	1.060092e+01
8.519285339026648e-02	1.063161e+01
8.519539444611113e-02	1.067199e+01
8.519921539991995e-02	1.073171e+01
8.520343967123747e-02	1.079605e+01
8.520755172003028e-02	1.085684e+01
8.521318142171373e-02	1.093711e+01
8.522096643827320e-02	1.104296e+01
8.522504791809651e-02	1.109626e+01
8.522756672225100e-02	1.112847e+01
8.522920998860664e-02	1.114923e+01
8.523057153523265e-02	1.116627e+01
8.523215015230491e-02	1.118588e+01
8.523300525379005e-02	1.119643e+01
8.523418364402385e-02	1.121090e+01
8.523565914771389e-02	1.122890e+01
8.523703363914550e-02	1.124555e+01
8.523844557707924e-02	1.126254e+01
8.523999308064482e-02	1.128105e+01
8.524141853853040e-02	1.129798e+01
8.524288631060530e-02	1.131531e+01
8.524430507877519e-02	1.133197e+01
8.524575253281866e-02	1.134887e+01
8.524716716144495e-02	1.136529e+01
8.524857112950041e-02	1.138151e+01
8.524993721128961e-02	1.139721e+01
8.525128085856611e-02	1.141260e+01
8.525259122715965e-02	1.142752e+01
8.525388557550606e-02	1.144217e+01
8.525514093760664e-02	1.145626e+01
8.525635739126118e-02	1.146981e+01
8.525752622810380e-02	1.148272e+01
8.525864646606886e-02	1.149501e+01
8.525970325500953e-02	1.150651e+01
8.526086982901372e-02	1.151911e+01
8.526215985216987e-02	1.153294e+01
8.526362712590305e-02	1.154854e+01
8.526526424214527e-02	1.156577e+01
8.526714253696377e-02	1.158533e+01
8.526931875071818e-02	1.160772e+01
8.527192712566470e-02	1.163419e+01
8.527512951429039e-02	1.166617e+01
8.527923653525955e-02	1.170638e+01
8.528478480889155e-02	1.175939e+01
8.529292624685995e-02	1.183468e+01
8.530633912727119e-02	1.195314e+01
8.533316488809366e-02	1.217328e+01
8.533827203496021e-02	1.221246e+01
8.534848632869332e-02	1.228945e+01
8.535103990212660e-02	1.230833e+01
8.535111970129639e-02	1.230892e+01
8.535127929963597e-02	1.231010e+01
8.535159849631513e-02	1.231246e+01
8.535223688967344e-02	1.231718e+01
8.535351367639009e-02	1.232659e+01
8.535542386369163e-02	1.234052e+01
8.535817346111417e-02	1.236012e+01
8.536293031936786e-02	1.239252e+01
8.536965712003972e-02	1.243484e+01
8.537906115973116e-02	1.248659e+01
8.539786923911405e-02	1.256100e+01
8.539886923911405e-02	1.256386e+01
8.541486923911405e-02	1.259263e+01
8.541586923911405e-02	1.259337e+01
8.541786923911406e-02	1.259421e+01
8.541836923911406e-02	1.259439e+01
8.541936923911406e-02	1.259467e+01
8.542136923911406e-02	1.259490e+01
8.542186923911406e-02	1.259488e+01
8.542286923911406e-02	1.259476e+01
8.542408734895580e-02	1.259449e+01
8.542533895735828e-02	1.259408e+01
8.542634128893525e-02	1.259368e+01
8.542741785246141e-02	1.259319e+01
8.542828563926604e-02	1.259276e+01
8.542868434551801e-02	1.259256e+01
8.542910074705477e-02	1.259235e+01
8.542953992966597e-02	1.259213e+01
8.543001489447044e-02	1.259188e+01
8.543045757564127e-02	1.259165e+01
8.543091738305950e-02	1.259141e+01
8.543139209719992e-02	1.259117e+01
8.543189823857915e-02	1.259091e+01
8.543244191267053e-02	1.259062e+01
8.543303927710685e-02	1.259031e+01
8.543370648490936e-02	1.258997e+01
8.543446792375026e-02	1.258957e+01
8.543535563321136e-02	1.258911e+01
8.543641667429804e-02	1.258856e+01
8.543771984087134e-02	1.258788e+01
8.543936888339188e-02	1.258702e+01
8.544151133092057e-02	1.258591e+01
8.544428262401534e-02	1.258447e+01
8.544784291529244e-02	1.258262e+01
8.545365719292727e-02	1.257960e+01
8.546245012974404e-02	1.257503e+01
8.547397809676797e-02	1.256905e+01
8.548093605303146e-02	1.256544e+01
8.548986321251767e-02	1.256081e+01
8.549086321251767e-02	1.256029e+01
8.549543728671871e-02	1.255792e+01
8.549643728671871e-02	1.255740e+01
8.550153554764878e-02	1.255476e+01
8.550253554764878e-02	1.255424e+01
8.550876982580881e-02	1.255101e+01
8.550976982580881e-02	1.255049e+01
8.551559530208434e-02	1.254747e+01
8.551659530208434e-02	1.254695e+01
8.552273940625287e-02	1.254377e+01
8.552954714977225e-02	1.254024e+01
8.553762224340249e-02	1.253606e+01
8.554660933103445e-02	1.253141e+01
8.555739684639069e-02	1.252583e+01
8.557091485696118e-02	1.251884e+01
8.558978537438740e-02	1.250910e+01
8.562240115562833e-02	1.249226e+01
8.565919394357759e-02	1.247330e+01
8.570278082749246e-02	1.245088e+01
8.575492404312150e-02	1.242410e+01
8.582642671734803e-02	1.238749e+01
8.592141376828207e-02	1.233901e+01
8.605239333282649e-02	1.227249e+01
8.624565838183253e-02	1.217499e+01
8.660635797205138e-02	1.199513e+01
8.700779110619683e-02	1.179813e+01
8.714893522176759e-02	1.172966e+01
8.722939630371461e-02	1.169081e+01
8.727284817741766e-02	1.166988e+01
8.730087917668362e-02	1.165640e+01
8.732477035748684e-02	1.164492e+01
8.734978646767816e-02	1.163292e+01
8.737323446242239e-02	1.162168e+01
8.739714225730816e-02	1.161023e+01
8.742080056517433e-02	1.159891e+01
8.744455856020282e-02	1.158755e+01
8.746833059658074e-02	1.157620e+01
8.749215933132193e-02	1.156483e+01
8.751604274618353e-02	1.155345e+01
8.753995623126359e-02	1.154207e+01
8.756378111845768e-02	1.153074e+01
8.758709398849783e-02	1.151966e+01
8.760460818681497e-02	1.151135e+01
8.761502647355318e-02	1.150641e+01
8.762739990836781e-02	1.150054e+01
8.764144168056780e-02	1.149388e+01
8.766135588099916e-02	1.148445e+01
8.769706173510933e-02	1.146756e+01
8.775600500686956e-02	1.143974e+01
8.787389155039002e-02	1.138429e+01
8.799261153691953e-02	1.132873e+01
8.812874431678089e-02	1.126536e+01
8.820089111544210e-02	1.123193e+01
8.825005370532947e-02	1.120921e+01
8.829011949107311e-02	1.119074e+01
8.832657658277498e-02	1.117398e+01
8.836057576120780e-02	1.115840e+01
8.839279572744096e-02	1.114370e+01
8.842690439558426e-02	1.112825e+01
8.845796191698492e-02	1.111432e+01
8.848910391070755e-02	1.110057e+01
8.851986719674676e-02	1.108734e+01
8.855144669831165e-02	1.107432e+01
8.858489358556210e-02	1.106149e+01
8.862252616704712e-02	1.104884e+01
8.867096080481308e-02	1.103656e+01
8.871351210361661e-02	1.103030e+01
8.875858450705011e-02	1.102858e+01
8.880953677479395e-02	1.103204e+01
8.886567050890132e-02	1.104084e+01
8.893952194011498e-02	1.105737e+01
8.901483708928776e-02	1.107758e+01
8.909319604896285e-02	1.110040e+01
8.917212492465870e-02	1.112406e+01
8.925489594491157e-02	1.114890e+01
8.933949869673863e-02	1.117404e+01
8.942781113867042e-02	1.119998e+01
8.952593329683531e-02	1.122846e+01
8.964885402400324e-02	1.126364e+01
8.982408758228180e-02	1.131287e+01
8.997382260954181e-02	1.135407e+01
9.013918078214900e-02	1.139868e+01
9.019644930465689e-02	1.141391e+01
9.023819532722334e-02	1.142495e+01
9.026372665568473e-02	1.143167e+01
9.028684324207720e-02	1.143774e+01
9.031313625180794e-02	1.144462e+01
9.034829308791620e-02	1.145379e+01
9.039034560072094e-02	1.146470e+01
9.042867130898645e-02	1.147460e+01
9.046649652781365e-02	1.148433e+01
9.050342933643891e-02	1.149380e+01
9.054019261070241e-02	1.150318e+01
9.057651787754886e-02	1.151241e+01
9.061269700074351e-02	1.152155e+01
9.064878127835913e-02	1.153063e+01
9.068490386131704e-02	1.153967e+01
9.072111937209060e-02	1.154871e+01
9.075748034681735e-02	1.155774e+01
9.079398755927405e-02	1.156678e+01
9.083062160247046e-02	1.157580e+01
9.086735546588863e-02	1.158481e+01
9.090418284264527e-02	1.159379e+01
9.094524199211199e-02	1.160376e+01
9.099260851313314e-02	1.161521e+01
9.104833836959478e-02	1.162860e+01
9.111570125625029e-02	1.164467e+01
9.120039578009850e-02	1.166469e+01
9.131259097800523e-02	1.169090e+01
9.147261037013690e-02	1.172770e+01
9.172696172681113e-02	1.178481e+01
9.220550755371897e-02	1.188786e+01
9.294870338724327e-02	1.203728e+01
9.368918017630594e-02	1.217439e+01
9.454761299822008e-02	1.232008e+01
9.552417549822008e-02	1.247051e+01
9.650073799822008e-02	1.260635e+01
9.747730049822008e-02	1.272930e+01
9.845386299822008e-02	1.284079e+01
9.943042549822008e-02	1.294208e+01
1.004069879982201e-01	1.303425e+01
1.013835504982201e-01	1.311824e+01
1.023601129982201e-01	1.319487e+01
1.023611129982201e-01	1.319494e+01
1.023771129982201e-01	1.319615e+01
1.024091129982201e-01	1.319855e+01
1.024731129982201e-01	1.320327e+01
1.026009598369513e-01	1.321260e+01
1.027571749372986e-01	1.322398e+01
1.030696051379933e-01	1.324621e+01
1.035297593737362e-01	1.327775e+01
1.041501398036712e-01	1.331827e+01
1.051267023036712e-01	1.337767e+01
1.061032648036712e-01	1.343210e+01
1.070798273036712e-01	1.348198e+01
1.080563898036712e-01	1.352771e+01
1.090329523036712e-01	1.356965e+01
1.090339523036712e-01	1.356969e+01
1.090499523036712e-01	1.357035e+01
1.090819523036712e-01	1.357166e+01
1.091459523036712e-01	1.357426e+01
1.092739523036712e-01	1.357942e+01
1.095299523036712e-01	1.358960e+01
1.100419523036712e-01	1.360927e+01
1.110185148036712e-01	1.364445e+01
1.119950773036712e-01	1.367678e+01
1.129716398036712e-01	1.370649e+01
1.139482023036712e-01	1.373378e+01
1.149247648036712e-01	1.375886e+01
1.159013273036712e-01	1.378191e+01
1.168778898036712e-01	1.380309e+01
1.178544523036712e-01	1.382257e+01
1.188310148036712e-01	1.384048e+01
1.198075773036712e-01	1.385694e+01
1.207841398036712e-01	1.387209e+01
1.217607023036712e-01	1.388602e+01
1.227372648036712e-01	1.389883e+01
1.237138273036712e-01	1.391061e+01
1.246903898036712e-01	1.392146e+01
1.256669523036712e-01	1.393143e+01
1.266435148036712e-01	1.394061e+01
1.276200773036712e-01	1.394906e+01
1.285966398036712e-01	1.395683e+01
1.295732023036712e-01	1.396398e+01
1.305497648036712e-01	1.397056e+01
1.305507648036712e-01	1.397057e+01
1.305667648036712e-01	1.397067e+01
1.305987648036712e-01	1.397088e+01
1.306627648036712e-01	1.397129e+01
1.307907648036712e-01	1.397210e+01
1.310467648036712e-01	1.397370e+01
1.315587648036712e-01	1.397680e+01
1.325353273036712e-01	1.398236e+01
1.335118898036712e-01	1.398747e+01
1.344884523036712e-01	1.399218e+01
1.354650148036712e-01	1.399652e+01
1.364415773036712e-01	1.400051e+01
1.374181398036712e-01	1.400418e+01
1.383947023036712e-01	1.400757e+01
1.383957023036712e-01	1.400757e+01
1.384117023036712e-01	1.400762e+01
1.385077023036712e-01	1.400794e+01
1.386357023036712e-01	1.400836e+01
1.394037023036712e-01	1.401077e+01
1.403802648036712e-01	1.401363e+01
1.413568273036712e-01	1.401626e+01
1.423333898036712e-01	1.401868e+01
1.433099523036712e-01	1.402091e+01
1.442865148036712e-01	1.402296e+01
1.452630773036712e-01	1.402485e+01
1.462406398036712e-01	1.402659e+01
1.462566398036712e-01	1.402662e+01
1.463526398036712e-01	1.402678e+01
1.464806398036712e-01	1.402700e+01
1.467366398036712e-01	1.402742e+01
1.472486398036712e-01	1.402824e+01
1.482252023036712e-01	1.402971e+01
1.492017648036712e-01	1.403106e+01
1.501783273036712e-01	1.403231e+01
1.511548898036712e-01	1.403346e+01
1.521314523036712e-01	1.403452e+01
1.531080148036712e-01	1.403549e+01
1.540845773036712e-01	1.403639e+01
1.550611398036712e-01	1.403721e+01
1.560387023036712e-01	1.403797e+01
1.560547023036712e-01	1.403798e+01
1.560867023036712e-01	1.403801e+01
1.562787023036712e-01	1.403815e+01
1.565347023036712e-01	1.403833e+01
1.570467023036712e-01	1.403869e+01
1.580232648036712e-01	1.403933e+01
1.589998273036712e-01	1.403992e+01
1.599763898036712e-01	1.404047e+01
1.609529523036712e-01	1.404097e+01
1.619295148036712e-01	1.404143e+01
1.629060773036712e-01	1.404185e+01
1.638826398036712e-01	1.404224e+01
1.638836398036712e-01	1.404224e+01
1.639316398036712e-01	1.404226e+01
1.641236398036712e-01	1.404234e+01
1.643796398036712e-01	1.404243e+01
1.658682023036712e-01	1.404295e+01
1.668447648036712e-01	1.404325e+01
1.678213273036712e-01	1.404353e+01
1.687978898036712e-01	1.404379e+01
1.697744523036712e-01	1.404403e+01
1.707510148036712e-01	1.404424e+01
1.717275773036712e-01	1.404445e+01
1.727041398036712e-01	1.404463e+01
1.736807023036712e-01	1.404480e+01
1.746572648036712e-01	1.404496e+01
1.756338273036712e-01	1.404510e+01
1.766103898036712e-01	1.404524e+01
1.775869523036712e-01	1.404536e+01
1.785635148036712e-01	1.404547e+01
1.795400773036712e-01	1.404558e+01
1.805166398036712e-01	1.404567e+01
1.814932023036712e-01	1.404576e+01
1.824697648036712e-01	1.404584e+01
1.834463273036712e-01	1.404592e+01
1.844228898036712e-01	1.404599e+01
1.853994523036712e-01	1.404605e+01
1.863760148036712e-01	1.404611e+01
1.873525773036712e-01	1.404616e+01
1.883291398036712e-01	1.404621e+01
1.893057023036712e-01	1.404626e+01
1.893067023036712e-01	1.404626e+01
1.893227023036712e-01	1.404626e+01
1.893547023036712e-01	1.404626e+01
1.894187023036712e-01	1.404626e+01
1.895467023036712e-01	1.404627e+01
1.898027023036712e-01	1.404628e+01
1.903147023036713e-01	1.404630e+01
1.912912648036713e-01	1.404634e+01
1.922678273036713e-01	1.404637e+01
1.932443898036713e-01	1.404641e+01
1.942209523036713e-01	1.404644e+01
1.951975148036713e-01	1.404646e+01
1.961740773036713e-01	1.404649e+01
1.971506398036713e-01	1.404651e+01
1.971516398036713e-01	1.404651e+01
1.971676398036712e-01	1.404651e+01
1.971996398036713e-01	1.404651e+01
1.972636398036713e-01	1.404652e+01
1.973916398036712e-01	1.404652e+01
1.976476398036713e-01	1.404653e+01
1.981596398036713e-01	1.404654e+01
1.991362023036713e-01	1.404656e+01
2.001127648036713e-01	1.404657e+01
2.010893273036713e-01	1.404659e+01
2.020658898036713e-01	1.404661e+01
2.030424523036713e-01	1.404662e+01
2.040190148036713e-01	1.404663e+01
2.049955773036713e-01	1.404665e+01
2.049965773036713e-01	1.404665e+01
2.050125773036713e-01	1.404665e+01
2.050445773036713e-01	1.404665e+01
2.052365773036713e-01	1.404665e+01
2.054925773036713e-01	1.404665e+01
2.060045773036713e-01	1.404666e+01
2.069811398036713e-01	1.404667e+01
2.079577023036713e-01	1.404668e+01
2.089342648036713e-01	1.404669e+01
2.099108273036713e-01	1.404669e+01
2.108873898036713e-01	1.404670e+01
2.118639523036713e-01	1.404671e+01
2.128405148036713e-01	1.404671e+01
2.128415148036713e-01	1.404671e+01
2.128575148036713e-01	1.404671e+01
2.128895148036713e-01	1.404671e+01
2.129535148036713e-01	1.404671e+01
2.130815148036713e-01	1.404671e+01
2.133375148036713e-01	1.404672e+01
2.138495148036713e-01	1.404672e+01
2.148260773036713e-01	1.404673e+01
2.158026398036713e-01	1.404673e+01
2.167792023036713e-01	1.404673e+01
2.177557648036713e-01	1.404674e+01
2.187323273036713e-01	1.404674e+01
2.197088898036713e-01	1.404675e+01
2.206864523036713e-01	1.404675e+01
2.207344523036713e-01	1.404675e+01
2.207984523036713e-01	1.404675e+01
2.209264523036713e-01	1.404675e+01
2.211824523036713e-01	1.404675e+01
2.216944523036713e-01	1.404675e+01
2.226710148036713e-01	1.404675e+01
2.236475773036713e-01	1.404676e+01
2.246241398036713e-01	1.404676e+01
2.256007023036713e-01	1.404676e+01
2.265772648036713e-01	1.404676e+01
2.275538273036713e-01	1.404677e+01
2.285303898036713e-01	1.404677e+01
2.285313898036713e-01	1.404677e+01
2.285473898036713e-01	1.404677e+01
2.285793898036713e-01	1.404677e+01
2.286433898036713e-01	1.404677e+01
2.287713898036713e-01	1.404677e+01
2.290273898036713e-01	1.404677e+01
2.295393898036713e-01	1.404677e+01
2.305159523036713e-01	1.404677e+01
2.314925148036713e-01	1.404677e+01
2.324690773036713e-01	1.404677e+01
2.334456398036713e-01	1.404677e+01
2.344222023036713e-01	1.404677e+01
2.353987648036713e-01	1.404677e+01
2.363753273036713e-01	1.404678e+01
2.363763273036713e-01	1.404678e+01
2.363923273036713e-01	1.404678e+01
2.364243273036713e-01	1.404678e+01
2.364883273036713e-01	1.404678e+01
2.366163273036713e-01	1.404678e+01
2.368723273036713e-01	1.404678e+01
2.373843273036713e-01	1.404678e+01
2.383608898036713e-01	1.404678e+01
2.403140148036713e-01	1.404678e+01
2.422671398036713e-01	1.404678e+01
2.432437023036713e-01	1.404678e+01
2.442202648036713e-01	1.404678e+01
2.442212648036713e-01	1.404678e+01
2.442372648036713e-01	1.404678e+01
2.442692648036713e-01	1.404678e+01
2.443332648036713e-01	1.404678e+01
2.444612648036713e-01	1.404678e+01
2.447172648036713e-01	1.404678e+01
2.452292648036713e-01	1.404678e+01
2.462058273036713e-01	1.404678e+01
2.471823898036713e-01	1.404678e+01
2.481589523036713e-01	1.404678e+01
2.491355148036713e-01	1.404678e+01
2.510886398036714e-01	1.404678e+01
2.520652023036714e-01	1.404678e+01
2.520662023036713e-01	1.404678e+01
2.520822023036713e-01	1.404678e+01
2.521142023036713e-01	1.404678e+01
2.521782023036713e-01	1.404678e+01
2.523062023036713e-01	1.404678e+01
2.525622023036713e-01	1.404678e+01
2.530742023036713e-01	1.404678e+01
2.540507648036713e-01	1.404678e+01
2.550273273036713e-01	1.404678e+01
2.569804523036713e-01	1.404678e+01
2.579570148036713e-01	1.404678e+01
2.589335773036713e-01	1.404678e+01
2.599101398036713e-01	1.404678e+01
2.599111398036713e-01	1.404678e+01
2.599271398036713e-01	1.404678e+01
2.599591398036713e-01	1.404678e+01
2.600231398036713e-01	1.404678e+01
2.601511398036713e-01	1.404678e+01
2.604071398036713e-01	1.404678e+01
2.609191398036713e-01	1.404678e+01
2.618957023036713e-01	1.404679e+01
2.628722648036713e-01	1.404679e+01
2.648253898036713e-01	1.404679e+01
2.667785148036713e-01	1.404679e+01
2.677550773036713e-01	1.404679e+01
2.677560773036713e-01	1.404679e+01
2.677720773036713e-01	1.404679e+01
2.678040773036713e-01	1.404679e+01
2.678680773036713e-01	1.404679e+01
2.679960773036713e-01	1.404679e+01
2.682520773036713e-01	1.404679e+01
2.687640773036713e-01	1.404679e+01
2.697406398036713e-01	1.404679e+01
2.707172023036713e-01	1.404679e+01
2.716937648036713e-01	1.404679e+01
2.726703273036713e-01	1.404679e+01
2.736468898036713e-01	1.404679e+01
2.746234523036713e-01	1.404679e+01
2.756010148036713e-01	1.404679e+01
2.756490148036713e-01	1.404679e+01
2.757130148036713e-01	1.404679e+01
2.758410148036713e-01	1.404679e+01
2.760970148036713e-01	1.404679e+01
2.766090148036713e-01	1.404679e+01
2.775855773036713e-01	1.404679e+01
2.795387023036713e-01	1.404679e+01
2.805152648036713e-01	1.404679e+01
2.834459523036713e-01	1.404679e+01
2.834619523036713e-01	1.404679e+01
2.834939523036712e-01	1.404679e+01
2.835579523036713e-01	1.404679e+01
2.836859523036713e-01	1.404679e+01
2.839419523036713e-01	1.404679e+01
2.844539523036713e-01	1.404679e+01
2.854305148036713e-01	1.404679e+01
2.864070773036713e-01	1.404679e+01
2.873836398036713e-01	1.404679e+01
2.883602023036713e-01	1.404679e+01
2.893367648036713e-01	1.404679e+01
2.903133273036713e-01	1.404679e+01
2.912898898036713e-01	1.404679e+01
2.912908898036712e-01	1.404679e+01
2.913388898036712e-01	1.404679e+01
2.914028898036712e-01	1.404679e+01
2.915308898036713e-01	1.404679e+01
2.917868898036712e-01	1.404679e+01
2.922988898036712e-01	1.404679e+01
2.942520148036712e-01	1.404679e+01
2.952285773036712e-01	1.404679e+01
2.981582648036712e-01	1.404679e+01
2.991358273036712e-01	1.404679e+01
2.991518273036712e-01	1.404679e+01
2.991838273036712e-01	1.404679e+01
2.992478273036712e-01	1.404679e+01
2.993758273036712e-01	1.404679e+01
3.001438273036712e-01	1.404679e+01
3.011203898036712e-01	1.404679e+01
3.020969523036712e-01	1.404679e+01
3.030735148036712e-01	1.404679e+01
3.040500773036712e-01	1.404679e+01
3.050266398036712e-01	1.404679e+01
3.069797648036712e-01	1.404679e+01
3.069807648036712e-01	1.404679e+01
3.069967648036712e-01	1.404679e+01
3.070287648036712e-01	1.404679e+01
3.070927648036712e-01	1.404679e+01
3.072207648036712e-01	1.404679e+01
3.074767648036712e-01	1.404679e+01
3.079887648036712e-01	1.404679e+01
3.089653273036712e-01	1.404679e+01
3.099418898036712e-01	1.404679e+01
3.109184523036712e-01	1.404679e+01
3.118950148036712e-01	1.404679e+01
3.128715773036712e-01	1.404679e+01
3.138481398036712e-01	1.404679e+01
3.148257023036712e-01	1.404679e+01
3.148417023036712e-01	1.404679e+01
3.148737023036712e-01	1.404679e+01
3.149377023036712e-01	1.404679e+01
3.150657023036712e-01	1.404679e+01
3.153217023036712e-01	1.404679e+01
3.168102648036712e-01	1.404679e+01
3.187633898036712e-01	1.404679e+01
3.197399523036712e-01	1.404679e+01
3.216930773036712e-01	1.404679e+01
3.226696398036712e-01	1.404679e+01
3.226706398036712e-01	1.404679e+01
3.226866398036712e-01	1.404679e+01
3.227186398036712e-01	1.404679e+01
3.227826398036712e-01	1.404679e+01
3.229106398036712e-01	1.404679e+01
3.231666398036712e-01	1.404679e+01
3.236786398036712e-01	1.404679e+01
3.246552023036712e-01	1.404679e+01
3.256317648036712e-01	1.404679e+01
3.266083273036712e-01	1.404679e+01
3.275848898036712e-01	1.404679e+01
3.295380148036712e-01	1.404679e+01
3.305155773036711e-01	1.404679e+01
3.305315773036712e-01	1.404679e+01
3.305635773036711e-01	1.404679e+01
3.306275773036711e-01	1.404679e+01
3.307555773036712e-01	1.404679e+01
3.310115773036711e-01	1.404679e+01
3.315235773036712e-01	1.404679e+01
3.325001398036712e-01	1.404679e+01
3.334767023036712e-01	1.404679e+01
3.364063898036712e-01	1.404679e+01
3.373829523036712e-01	1.404679e+01
3.383595148036712e-01	1.404679e+01
3.393360773036712e-01	1.404679e+01
3.403126398036712e-01	1.404679e+01
3.412892023036712e-01	1.404679e+01
3.422657648036712e-01	1.404679e+01
3.432423273036712e-01	1.404679e+01
3.442188898036712e-01	1.404679e+01
3.451954523036712e-01	1.404679e+01
3.461720148036712e-01	1.404679e+01
3.500782648036712e-01	1.404679e+01
3.510548273036712e-01	1.404679e+01
3.520313898036712e-01	1.404679e+01
3.530079523036712e-01	1.404679e+01
3.539845148036712e-01	1.404679e+01
3.549610773036712e-01	1.404679e+01
3.559376398036712e-01	1.404679e+01
3.569142023036712e-01	1.404679e+01
3.578907648036712e-01	1.404679e+01
3.608204523036712e-01	1.404679e+01
3.617970148036712e-01	1.404679e+01
3.637501398036712e-01	1.404679e+01
3.657032648036712e-01	1.404679e+01
3.666798273036712e-01	1.404679e+01
3.676563898036712e-01	1.404679e+01
3.686329523036712e-01	1.404679e+01
3.696095148036712e-01	1.404679e+01
3.715626398036712e-01	1.404679e+01
3.725392023036712e-01	1.404679e+01
3.735157648036712e-01	1.404679e+01
3.744923273036712e-01	1.404679e+01
3.764454523036712e-01	1.404679e+01
3.774220148036712e-01	1.404679e+01
3.783985773036712e-01	1.404679e+01
3.793751398036712e-01	1.404679e+01
3.803517023036712e-01	1.404679e+01
3.813282648036712e-01	1.404679e+01
3.823048273036712e-01	1.404679e+01
3.832813898036712e-01	1.404679e+01
3.842579523036712e-01	1.404679e+01
3.852345148036712e-01	1.404679e+01
3.862110773036712e-01	1.404679e+01
3.870481308750997e-01	1.404679e+01
3.878851844465283e-01	1.404679e+01
3.887222380179569e-01	1.404679e+01
3.895592915893855e-01	1.404679e+01
3.903963451608140e-01	1.404679e+01
3.912333987322426e-01	1.404679e+01
3.920704523036712e-01	1.404679e+01
3.930470148036712e-01	1.404679e+01
3.940235773036712e-01	1.404679e+01
3.950001398036712e-01	1.404679e+01
3.959767023036712e-01	1.404679e+01
3.979298273036712e-01	1.404679e+01
3.989063898036712e-01	1.404679e+01
3.998829523036712e-01	1.404679e+01
4.008595148036712e-01	1.404679e+01
4.028126398036712e-01	1.404679e+01
4.037892023036712e-01	1.404679e+01
4.047657648036712e-01	1.404679e+01
4.057423273036712e-01	1.404679e+01
4.076954523036712e-01	1.404679e+01
4.116017023036712e-01	1.404679e+01
4.125782648036712e-01	1.404679e+01
4.135548273036712e-01	1.404679e+01
4.155079523036712e-01	1.404679e+01
4.164845148036712e-01	1.404679e+01
4.194142023036712e-01	1.404679e+01
4.203907648036712e-01	1.404679e+01
4.223438898036712e-01	1.404679e+01
4.233204523036712e-01	1.404679e+01
4.242970148036712e-01	1.404679e+01
4.252735773036712e-01	1.404679e+01
4.282032648036712e-01	1.404679e+01
4.291798273036712e-01	1.404679e+01
4.311329523036712e-01	1.404679e+01
4.330860773036712e-01	1.404679e+01
4.340626398036712e-01	1.404679e+01
4.369923273036712e-01	1.404679e+01
4.379688898036712e-01	1.404679e+01
4.389454523036712e-01	1.404679e+01
4.408985773036712e-01	1.404679e+01
4.428517023036712e-01	1.404679e+01
4.438282648036712e-01	1.404679e+01
4.448048273036712e-01	1.404679e+01
4.467579523036712e-01	1.404679e+01
4.477345148036712e-01	1.404679e+01
4.506642023036712e-01	1.404679e+01
4.516407648036712e-01	1.404679e+01
4.535938898036712e-01	1.404679e+01
4.555470148036712e-01	1.404679e+01
4.565235773036712e-01	1.404679e+01
4.584767023036712e-01	1.404679e+01
4.604298273036712e-01	1.404679e+01
4.633595148036712e-01	1.404679e+01
4.653126398036712e-01	1.404679e+01
4.672657648036712e-01	1.404679e+01
4.692188898036712e-01	1.404679e+01
4.701954523036712e-01	1.404679e+01
4.711720148036712e-01	1.404679e+01
4.741017023036712e-01	1.404679e+01
4.750782648036712e-01	1.404679e+01
4.760548273036712e-01	1.404679e+01
4.770313898036712e-01	1.404679e+01
4.780079523036712e-01	1.404679e+01
4.789845148036712e-01	1.404679e+01
4.799610773036712e-01	1.404679e+01
4.819142023036712e-01	1.404679e+01
4.828907648036712e-01	1.404679e+01
4.838673273036712e-01	1.404679e+01
4.848438898036712e-01	1.404679e+01
4.858204523036712e-01	1.404679e+01
4.877735773036712e-01	1.404679e+01
4.887501398036712e-01	1.404679e+01
4.897267023036712e-01	1.404679e+01
4.926563898036712e-01	1.404679e+01
4.936329523036712e-01	1.404679e+01
4.946095148036712e-01	1.404679e+01
4.965626398036712e-01	1.404679e+01
4.975392023036712e-01	1.404679e+01
4.985157648036712e-01	1.404679e+01
5.000000000000000e-01	1.404679e+01
5.009765625000000e-01	1.404679e+01
5.010000000000000e-01	1.404679e+01
5.013750000000000e-01	1.404679e+01
5.021250000000000e-01	1.404679e+01
5.031015625000000e-01	1.404679e+01
5.050546875000000e-01	1.404679e+01
5.060312500000000e-01	1.404679e+01
5.089609375000000e-01	1.404679e+01
5.099375000000000e-01	1.404679e+01
5.128671875000000e-01	1.404679e+01
5.148203125000000e-01	1.404679e+01
5.157968750000000e-01	1.404679e+01
5.167734375000000e-01	1.404679e+01
5.187265625000000e-01	1.404679e+01
5.197031250000000e-01	1.404679e+01
5.206796875000000e-01	1.404679e+01
5.236093750000000e-01	1.404679e+01
5.255625000000000e-01	1.404679e+01
5.265390625000000e-01	1.404679e+01
5.284921875000000e-01	1.404679e+01
5.294687500000000e-01	1.404679e+01
5.304453125000000e-01	1.404679e+01
5.314218750000000e-01	1.404679e+01
5.353281250000000e-01	1.404679e+01
5.372812500000000e-01	1.404679e+01
5.382578125000000e-01	1.404679e+01
5.392343750000000e-01	1.404679e+01
5.402109375000000e-01	1.404679e+01
5.421640625000000e-01	1.404679e+01
5.431406250000000e-01	1.404679e+01
5.441171875000000e-01	1.404679e+01
5.450937500000000e-01	1.404679e+01
5.460703125000000e-01	1.404679e+01
5.470468750000000e-01	1.404679e+01
5.480234375000000e-01	1.404679e+01
5.499765625000000e-01	1.404679e+01
5.548593750000000e-01	1.404679e+01
5.558359375000000e-01	1.404679e+01
5.568125000000000e-01	1.404679e+01
5.587656250000000e-01	1.404679e+01
5.597421875000000e-01	1.404679e+01
5.616953125000000e-01	1.404679e+01
5.626718750000000e-01	1.404679e+01
5.636484375000000e-01	1.404679e+01
5.656015625000000e-01	1.404679e+01
5.665781250000000e-01	1.404679e+01
5.675546875000000e-01	1.404679e+01
5.685312500000000e-01	1.404679e+01
5.704843750000000e-01	1.404679e+01
5.714609375000000e-01	1.404679e+01
5.724375000000000e-01	1.404679e+01
5.743906250000000e-01	1.404679e+01
5.753671875000000e-01	1.404679e+01
5.763437500000000e-01	1.404679e+01
5.773203125000000e-01	1.404679e+01
5.782968750000000e-01	1.404679e+01
5.792734375000000e-01	1.404679e+01
5.802500000000000e-01	1.404679e+01
5.812265625000000e-01	1.404679e+01
5.822031250000000e-01	1.404679e+01
5.851328125000000e-01	1.404679e+01
5.861093750000000e-01	1.404679e+01
5.870859375000000e-01	1.404679e+01
5.880625000000000e-01	1.404679e+01
5.900156250000000e-01	1.404679e+01
5.909921875000000e-01	1.404679e+01
5.919687500000000e-01	1.404679e+01
5.929453125000000e-01	1.404679e+01
5.939218750000000e-01	1.404679e+01
5.958750000000000e-01	1.404679e+01
5.968515625000000e-01	1.404679e+01
5.978281250000000e-01	1.404679e+01
5.997812500000000e-01	1.404679e+01
6.007578125000000e-01	1.404679e+01
6.010000000000000e-01	1.404679e+01
6.019765625000000e-01	1.404679e+01
6.020000000000000e-01	1.404679e+01
6.023750000000000e-01	1.404679e+01
6.031250000000000e-01	1.404679e+01
6.041015625000000e-01	1.404679e+01
6.060546875000000e-01	1.404679e+01
6.089843750000000e-01	1.404679e+01
6.099609375000000e-01	1.404679e+01
6.119140625000000e-01	1.404679e+01
6.128906250000000e-01	1.404679e+01
6.138671875000000e-01	1.404679e+01
6.148437500000000e-01	1.404679e+01
6.158203125000000e-01	1.404679e+01
6.167968750000000e-01	1.404679e+01
6.187500000000000e-01	1.404679e+01
6.197265625000000e-01	1.404679e+01
6.207031250000000e-01	1.404679e+01
6.216796875000000e-01	1.404679e+01
6.226562500000000e-01	1.404679e+01
6.236328125000000e-01	1.404679e+01
6.246093750000000e-01	1.404679e+01
6.255859375000000e-01	1.404679e+01
6.275390625000000e-01	1.404679e+01
6.285156250000000e-01	1.404679e+01
6.294921875000000e-01	1.404679e+01
6.314453125000000e-01	1.404679e+01
6.353515625000000e-01	1.404679e+01
6.363281250000000e-01	1.404679e+01
6.373046875000000e-01	1.404679e+01
6.392578125000000e-01	1.404679e+01
6.431640625000000e-01	1.404679e+01
6.441406250000000e-01	1.404679e+01
6.451171875000000e-01	1.404679e+01
6.480468750000000e-01	1.404679e+01
6.490234375000000e-01	1.404679e+01
6.500000000000000e-01	1.404679e+01
6.509765625000000e-01	1.404679e+01
6.519531250000000e-01	1.404679e+01
6.548828125000000e-01	1.404679e+01
6.568359375000000e-01	1.404679e+01
6.578125000000000e-01	1.404679e+01
6.587890625000000e-01	1.404679e+01
6.607421875000000e-01	1.404679e+01
6.626953125000000e-01	1.404679e+01
6.636718750000000e-01	1.404679e+01
6.646484375000000e-01	1.404679e+01
6.656250000000000e-01	1.404679e+01
6.675781250000000e-01	1.404679e+01
6.685546875000000e-01	1.404679e+01
6.695312500000000e-01	1.404679e+01
6.705078125000000e-01	1.404679e+01
6.714843750000000e-01	1.404679e+01
6.724609375000000e-01	1.404679e+01
6.734375000000000e-01	1.404679e+01
6.753906250000000e-01	1.404679e+01
6.763671875000000e-01	1.404679e+01
6.773437500000000e-01	1.404679e+01
6.792968750000000e-01	1.404679e+01
6.812500000000000e-01	1.404679e+01
6.832031250000000e-01	1.404679e+01
6.841796875000000e-01	1.404679e+01
6.851562500000000e-01	1.404679e+01
6.861328125000000e-01	1.404679e+01
6.871093750000000e-01	1.404679e+01
6.880859375000000e-01	1.404679e+01
6.900390625000000e-01	1.404679e+01
6.910156250000000e-01	1.404679e+01
6.919921875000000e-01	1.404679e+01
6.929687500000000e-01	1.404679e+01
6.939453125000000e-01	1.404679e+01
6.949218750000000e-01	1.404679e+01
6.958984375000000e-01	1.404679e+01
6.968750000000000e-01	1.404679e+01
6.978515625000000e-01	1.404679e+01
6.998046875000000e-01	1.404679e+01
7.000000000000001e-01	1.404679e+01
7.009765625000001e-01	1.404679e+01
7.010000000000001e-01	1.404679e+01
7.013750000000001e-01	1.404679e+01
7.021250000000001e-01	1.404679e+01
7.031015625000001e-01	1.404679e+01
7.040781250000001e-01	1.404679e+01
7.060312500000001e-01	1.404679e+01
7.070078125000001e-01	1.404679e+01
7.079843750000001e-01	1.404679e+01
7.089609375000001e-01	1.404679e+01
7.099375000000001e-01	1.404679e+01
7.109140625000001e-01	1.404679e+01
7.110000000000001e-01	1.404679e+01
7.119765625000001e-01	1.404679e+01
7.120000000000001e-01	1.404679e+01
7.123750000000001e-01	1.404679e+01
7.131250000000001e-01	1.404679e+01
7.141015625000001e-01	1.404679e+01
7.150781250000001e-01	1.404679e+01
7.160546875000001e-01	1.404679e+01
7.168917410714287e-01	1.404679e+01
7.177287946428572e-01	1.404679e+01
7.185658482142858e-01	1.404679e+01
7.194029017857144e-01	1.404679e+01
7.202399553571430e-01	1.404679e+01
7.210770089285715e-01	1.404679e+01
7.219140625000001e-01	1.404679e+01
7.228906250000001e-01	1.404679e+01
7.238671875000001e-01	1.404679e+01
7.248437500000001e-01	1.404679e+01
7.258203125000001e-01	1.404679e+01
7.267968750000001e-01	1.404679e+01
7.277734375000001e-01	1.404679e+01
7.287500000000001e-01	1.404679e+01
7.297265625000001e-01	1.404679e+01
7.307031250000001e-01	1.404679e+01
7.316796875000001e-01	1.404679e+01
7.326562500000001e-01	1.404679e+01
7.346093750000001e-01	1.404679e+01
7.355859375000001e-01	1.404679e+01
7.365625000000001e-01	1.404679e+01
7.385156250000001e-01	1.404679e+01
7.414453125000001e-01	1.404679e+01
7.424218750000001e-01	1.404679e+01
7.433984375000001e-01	1.404679e+01
7.443750000000001e-01	1.404679e+01
7.453515625000001e-01	1.404679e+01
7.463281250000001e-01	1.404679e+01
7.502343750000001e-01	1.404679e+01
7.512109375000001e-01	1.404679e+01
7.531640625000001e-01	1.404679e+01
7.541406250000001e-01	1.404679e+01
7.570703125000001e-01	1.404679e+01
7.580468750000001e-01	1.404679e+01
7.600000000000001e-01	1.404679e+01
7.609765625000001e-01	1.404679e+01
7.619531250000001e-01	1.404679e+01
7.629296875000001e-01	1.404679e+01
7.639062500000001e-01	1.404679e+01
7.648828125000001e-01	1.404679e+01
7.668359375000001e-01	1.404679e+01
7.678125000000001e-01	1.404679e+01
7.687890625000001e-01	1.404679e+01
7.707421875000001e-01	1.404679e+01
7.726953125000001e-01	1.404679e+01
7.736718750000001e-01	1.404679e+01
7.746484375000001e-01	1.404679e+01
7.756250000000001e-01	1.404679e+01
7.766015625000001e-01	1.404679e+01
7.775781250000001e-01	1.404679e+01
7.795312500000001e-01	1.404679e+01
7.805078125000001e-01	1.404679e+01
7.814843750000001e-01	1.404679e+01
7.834375000000001e-01	1.404679e+01
7.853906250000001e-01	1.404679e+01
7.873437500000001e-01	1.404679e+01
7.892968750000001e-01	1.404679e+01
7.902734375000001e-01	1.404679e+01
7.912500000000001e-01	1.404679e+01
7.932031250000001e-01	1.404679e+01
7.951562500000001e-01	1.404679e+01
7.971093750000001e-01	1.404679e+01
7.990625000000001e-01	1.404679e+01
7.997600446428572e-01	1.404679e+01
8.004575892857144e-01	1.404679e+01
8.011551339285715e-01	1.404679e+01
8.018526785714287e-01	1.404679e+01
8.025502232142858e-01	1.404679e+01
8.032477678571430e-01	1.404679e+01
8.039453125000001e-01	1.404679e+01
8.049218750000001e-01	1.404679e+01
8.078515625000001e-01	1.404679e+01
8.088281250000001e-01	1.404679e+01
8.098046875000001e-01	1.404679e+01
8.107812500000001e-01	1.404679e+01
8.117578125000001e-01	1.404679e+01
8.127343750000001e-01	1.404679e+01
8.137109375000001e-01	1.404679e+01
8.146875000000001e-01	1.404679e+01
8.156640625000001e-01	1.404679e+01
8.166406250000001e-01	1.404679e+01
8.176171875000001e-01	1.404679e+01
8.205468750000001e-01	1.404679e+01
8.234765625000001e-01	1.404679e+01
8.244531250000001e-01	1.404679e+01
8.254296875000001e-01	1.404679e+01
8.273828125000001e-01	1.404679e+01
8.283593750000001e-01	1.404679e+01
8.303125000000001e-01	1.404679e+01
8.312890625000001e-01	1.404679e+01
8.319866071428572e-01	1.404679e+01
8.326841517857144e-01	1.404679e+01
8.333816964285715e-01	1.404679e+01
8.340792410714287e-01	1.404679e+01
8.347767857142858e-01	1.404679e+01
8.354743303571430e-01	1.404679e+01
8.361718750000001e-01	1.404679e+01
8.381250000000001e-01	1.404679e+01
8.400781250000001e-01	1.404679e+01
8.410546875000001e-01	1.404679e+01
8.439843750000001e-01	1.404679e+01
8.449609375000001e-01	1.404679e+01
8.459375000000001e-01	1.404679e+01
8.469140625000001e-01	1.404679e+01
8.478906250000001e-01	1.404679e+01
8.488671875000001e-01	1.404679e+01
8.498437500000001e-01	1.404679e+01
8.508203125000001e-01	1.404679e+01
8.517968750000001e-01	1.404679e+01
8.527734375000001e-01	1.404679e+01
8.537500000000001e-01	1.404679e+01
8.557031250000001e-01	1.404679e+01
8.566796875000001e-01	1.404679e+01
8.576562500000001e-01	1.404679e+01
8.596093750000001e-01	1.404679e+01
8.605859375000001e-01	1.404679e+01
8.635156250000001e-01	1.404679e+01
8.644921875000001e-01	1.404679e+01
8.654687500000001e-01	1.404679e+01
8.674218750000001e-01	1.404679e+01
8.683984375000001e-01	1.404679e+01
8.693750000000001e-01	1.404679e+01
8.702120535714287e-01	1.404679e+01
8.710491071428572e-01	1.404679e+01
8.718861607142858e-01	1.404679e+01
8.727232142857144e-01	1.404679e+01
8.735602678571430e-01	1.404679e+01
8.743973214285715e-01	1.404679e+01
8.752343750000001e-01	1.404679e+01
8.771875000000001e-01	1.404679e+01
8.781640625000001e-01	1.404679e+01
8.801171875000001e-01	1.404679e+01
8.820703125000001e-01	1.404679e+01
8.840234375000001e-01	1.404679e+01
8.850000000000001e-01	1.404679e+01
8.869531250000001e-01	1.404679e+01
8.879296875000001e-01	1.404679e+01
8.889062500000001e-01	1.404679e+01
8.898828125000001e-01	1.404679e+01
8.908593750000001e-01	1.404679e+01
8.937890625000001e-01	1.404679e+01
8.957421875000001e-01	1.404679e+01
8.967187500000001e-01	1.404679e+01
8.986718750000001e-01	1.404679e+01
9.016015625000001e-01	1.404679e+01
9.025781250000001e-01	1.404679e+01
9.035546875000001e-01	1.404679e+01
9.045312500000001e-01	1.404679e+01
9.055078125000001e-01	1.404679e+01
9.084375000000001e-01	1.404679e+01
9.094140625000001e-01	1.404679e+01
9.113671875000001e-01	1.404679e+01
9.123437500000001e-01	1.404679e+01
9.142968750000001e-01	1.404679e+01
9.152734375000001e-01	1.404679e+01
9.182031250000001e-01	1.404679e+01
9.191796875000001e-01	1.404679e+01
9.211328125000001e-01	1.404679e+01
9.221093750000001e-01	1.404679e+01
9.230859375000001e-01	1.404679e+01
9.250390625000001e-01	1.404679e+01
9.260156250000001e-01	1.404679e+01
9.269921875000001e-01	1.404679e+01
9.279687500000001e-01	1.404679e+01
9.299218750000001e-01	1.404679e+01
9.308984375000001e-01	1.404679e+01
9.328515625000001e-01	1.404679e+01
9.338281250000001e-01	1.404679e+01
9.357812500000001e-01	1.404679e+01
9.367578125000001e-01	1.404679e+01
9.377343750000001e-01	1.404679e+01
9.396875000000001e-01	1.404679e+01
9.416406250000001e-01	1.404679e+01
9.426171875000001e-01	1.404679e+01
9.435937500000001e-01	1.404679e+01
9.455468750000001e-01	1.404679e+01
9.465234375000001e-01	1.404679e+01
9.475000000000001e-01	1.404679e+01
9.494531250000001e-01	1.404679e+01
9.504296875000001e-01	1.404679e+01
9.514062500000001e-01	1.404679e+01
9.523828125000001e-01	1.404679e+01
9.533593750000001e-01	1.404679e+01
9.543359375000001e-01	1.404679e+01
9.562890625000001e-01	1.404679e+01
9.582421875000001e-01	1.404679e+01
9.611718750000001e-01	1.404679e+01
9.621484375000001e-01	1.404679e+01
9.631250000000001e-01	1.404679e+01
9.660546875000001e-01	1.404679e+01
9.670312500000001e-01	1.404679e+01
9.689843750000001e-01	1.404679e+01
9.709375000000001e-01	1.404679e+01
9.719140625000001e-01	1.404679e+01
9.748437500000001e-01	1.404679e+01
9.758203125000001e-01	1.404679e+01
9.777734375000001e-01	1.404679e+01
9.787500000000001e-01	1.404679e+01
9.797265625000001e-01	1.404679e+01
9.816796875000001e-01	1.404679e+01
9.826562500000001e-01	1.404679e+01
9.836328125000001e-01	1.404679e+01
9.846093750000001e-01	1.404679e+01
9.865625000000001e-01	1.404679e+01
9.875390625000001e-01	1.404679e+01
9.894921875000001e-01	1.404679e+01
9.914453125000001e-01	1.404679e+01
9.933984375000001e-01	1.404679e+01
9.953515625000001e-01	1.404679e+01
9.982812500000001e-01	1.404679e+01
1.000000000000000e+00	1.404679e+01
