0.000000000000000e+00	-8.206649e-10
1.035199739517821e-09	-8.206649e-10
1.105599275117326e-09	-8.206649e-10
1.246398346316337e-09	-8.206649e-10
1.527996488714358e-09	-8.206649e-10
2.091192773510400e-09	-8.206649e-10
2.795467233359649e-09	-8.206649e-10
3.734707787851390e-09	-8.206649e-10
4.926759321639575e-09	-8.206649e-10
6.589140852881932e-09	-8.206649e-10
8.972766782541402e-09	-8.206649e-10
1.277424755407908e-08	-8.206649e-10
2.001944954553329e-08	-8.206648e-10
3.450985352844169e-08	-8.206648e-10
5.254721846857746e-08	-8.206648e-10
7.243598483786435e-08	-8.206648e-10
1.004917789893991e-07	-8.206648e-10
1.305978494201806e-07	-8.206648e-10
1.772215972316575e-07	-8.206647e-10
2.210183117974791e-07	-8.206646e-10
2.949042932288454e-07	-8.206646e-10
3.237441439925038e-07	-8.206646e-10
3.516398329752091e-07	-8.206646e-10
3.795355219579145e-07	-8.206645e-10
4.074312109406197e-07	-8.206645e-10
4.353268999233251e-07	-8.206645e-10
4.632225889060304e-07	-8.206645e-10
4.911182778887357e-07	-8.206644e-10
5.190139668714410e-07	-8.206644e-10
6.651486594070926e-07	-8.206643e-10
8.160452898028434e-07	-8.206641e-10
1.041867287374511e-06	-8.206640e-10
1.152407496868253e-06	-8.206639e-10
1.214173853316976e-06	-8.206639e-10
1.265476104882277e-06	-8.206638e-10
1.307652329617522e-06	-8.206638e-10
1.349917966618571e-06	-8.206638e-10
1.397242361249774e-06	-8.206637e-10
1.448171492440105e-06	-8.206636e-10
1.510021414824802e-06	-8.206636e-10
1.532779884484162e-06	-8.206636e-10
1.550244318829743e-06	-8.206636e-10
1.565373238582679e-06	-8.206635e-10
1.585633519572606e-06	-8.206635e-10
1.607526469942581e-06	-8.206635e-10
1.634602213084822e-06	-8.206635e-10
1.660499554427480e-06	-8.206635e-10
1.688922606992624e-06	-8.206634e-10
1.723922533226310e-06	-8.206634e-10
1.768600114658897e-06	-8.206634e-10
1.818973000468458e-06	-8.206633e-10
1.917601326405528e-06	-8.206633e-10
1.966028578183920e-06	-8.206632e-10
1.991427203613858e-06	-8.206632e-10
2.006907192070409e-06	-8.206632e-10
2.028566273033194e-06	-8.206631e-10
2.045030385102078e-06	-8.206631e-10
2.063955331050522e-06	-8.206631e-10
2.082365386194643e-06	-8.206631e-10
2.108926943742700e-06	-8.206631e-10
2.141395189490808e-06	-8.206631e-10
2.183664800049798e-06	-8.206630e-10
2.234601437119210e-06	-8.206630e-10
2.299472972208800e-06	-8.206629e-10
2.380181263960735e-06	-8.206629e-10
2.482045007463237e-06	-8.206628e-10
2.609584692400407e-06	-8.206627e-10
2.771036433937017e-06	-8.206625e-10
2.955834936114570e-06	-8.206624e-10
3.143418062363643e-06	-8.206623e-10
3.347174085339408e-06	-8.206621e-10
3.561990003506703e-06	-8.206619e-10
3.809053782982381e-06	-8.206617e-10
4.093510117390303e-06	-8.206614e-10
4.445546798922667e-06	-8.206612e-10
4.880599311124324e-06	-8.206608e-10
5.312120291476262e-06	-8.206604e-10
5.810404718422571e-06	-8.206599e-10
6.358078435491452e-06	-8.206595e-10
7.057424329217329e-06	-8.206588e-10
7.937422455177711e-06	-8.206580e-10
9.120686601963624e-06	-8.206570e-10
1.093748920551307e-05	-8.206553e-10
1.328664178276616e-05	-8.206530e-10
1.557339777104256e-05	-8.206507e-10
1.806166863399644e-05	-8.206481e-10
2.000000000000000e-05	-8.206461e-10
2.012778726952821e-05	-8.206461e-10
2.025557453905641e-05	-8.206461e-10
2.038336180858461e-05	-8.206461e-10
2.051114907811281e-05	-8.206460e-10
2.063893634764102e-05	-8.206460e-10
2.076672361716922e-05	-8.206460e-10
2.089451088669743e-05	-8.206460e-10
2.146681900789590e-05	-8.206460e-10
2.256423152406654e-05	-8.206459e-10
2.409858310912210e-05	-8.206458e-10
2.560892348620804e-05	-8.206457e-10
2.753541510458159e-05	-8.206456e-10
2.981961270345576e-05	-8.206454e-10
3.265092681703998e-05	-8.206453e-10
3.621665888075913e-05	-8.206451e-10
3.964050893709307e-05	-8.206448e-10
4.250001013443502e-05	-8.206447e-10
4.589535712497348e-05	-8.206444e-10
4.981047841384479e-05	-8.206442e-10
5.461396673025353e-05	-8.206439e-10
6.186445014351047e-05	-8.206434e-10
6.979171191970300e-05	-8.206429e-10
7.796041825106492e-05	-8.206424e-10
8.685705192596235e-05	-8.206418e-10
9.966724834931981e-05	-8.206411e-10
1.113994737243093e-04	-8.206403e-10
1.208794229720632e-04	-8.206397e-10
1.307555841146373e-04	-8.206391e-10
1.406107369606492e-04	-8.206384e-10
1.519821058987224e-04	-8.206377e-10
1.670911200524160e-04	-8.206367e-10
1.733328091951202e-04	-8.206363e-10
1.786299800071270e-04	-8.206360e-10
1.834419546184864e-04	-8.206357e-10
1.901291462129631e-04	-8.206353e-10
1.962143582520248e-04	-8.206349e-10
2.000226412206144e-04	-8.206346e-10
2.038412118324361e-04	-8.206344e-10
2.088287166300870e-04	-8.206341e-10
2.135290465472043e-04	-8.206337e-10
2.201528296892137e-04	-8.206333e-10
2.225552913092211e-04	-8.206332e-10
2.249577529292286e-04	-8.206330e-10
2.273602145492360e-04	-8.206329e-10
2.297626761692434e-04	-8.206327e-10
2.321651377892508e-04	-8.206325e-10
2.345675994092582e-04	-8.206323e-10
2.369700610292656e-04	-8.206321e-10
2.411351240186420e-04	-8.206317e-10
2.453296823342653e-04	-8.206313e-10
2.503558729770090e-04	-8.206307e-10
2.555677525385786e-04	-8.206301e-10
2.608162698244234e-04	-8.206293e-10
2.650951020652290e-04	-8.206287e-10
2.683444052670787e-04	-8.206282e-10
2.698221120470792e-04	-8.206280e-10
2.710036102522788e-04	-8.206278e-10
2.720138222749865e-04	-8.206276e-10
2.729676624690928e-04	-8.206275e-10
2.738352648137377e-04	-8.206273e-10
2.745933024499028e-04	-8.206271e-10
2.752484076377861e-04	-8.206270e-10
2.758069282326369e-04	-8.206270e-10
2.762733758863264e-04	-8.206268e-10
2.767040119700359e-04	-8.206268e-10
2.771969438091634e-04	-8.206267e-10
2.776463692619944e-04	-8.206266e-10
2.782202482041809e-04	-8.206265e-10
2.787657323798955e-04	-8.206264e-10
2.793122832375541e-04	-8.206263e-10
2.799202157952025e-04	-8.206262e-10
2.806030623251315e-04	-8.206260e-10
2.814481893081026e-04	-8.206259e-10
2.821265146645893e-04	-8.206257e-10
2.828151844059162e-04	-8.206256e-10
2.834083258822080e-04	-8.206255e-10
2.839114854508390e-04	-8.206254e-10
2.844451488361616e-04	-8.206253e-10
2.849780305723087e-04	-8.206252e-10
2.855444697900220e-04	-8.206251e-10
2.859697035763659e-04	-8.206250e-10
2.864359874277514e-04	-8.206248e-10
2.869208114995881e-04	-8.206248e-10
2.872722684228400e-04	-8.206247e-10
2.875068174891182e-04	-8.206246e-10
2.876706595777585e-04	-8.206246e-10
2.878269659509960e-04	-8.206246e-10
2.879839883904819e-04	-8.206246e-10
2.881389355452089e-04	-8.206245e-10
2.883012439261872e-04	-8.206245e-10
2.884625174693614e-04	-8.206245e-10
2.886261493570716e-04	-8.206244e-10
2.887993468660554e-04	-8.206244e-10
2.889891479121091e-04	-8.206243e-10
2.891829687782053e-04	-8.206243e-10
2.894103333942640e-04	-8.206242e-10
2.894984616643140e-04	-8.206242e-10
2.895595914360866e-04	-8.206242e-10
2.896217792520507e-04	-8.206242e-10
2.896960450083322e-04	-8.206242e-10
2.897301901435019e-04	-8.206242e-10
2.897700473845587e-04	-8.206242e-10
2.898232004665814e-04	-8.206242e-10
2.898722901816099e-04	-8.206241e-10
2.899421739423311e-04	-8.206241e-10
2.900164946978331e-04	-8.206241e-10
2.901286562558993e-04	-8.206241e-10
2.902706772065251e-04	-8.206241e-10
2.905183240314566e-04	-8.206240e-10
2.906408468638164e-04	-8.206240e-10
2.907239708835801e-04	-8.206240e-10
2.907872120269777e-04	-8.206240e-10
2.908503324286469e-04	-8.206240e-10
2.909319552909660e-04	-8.206239e-10
2.909842656128728e-04	-8.206239e-10
2.910275563873406e-04	-8.206239e-10
2.910739922176896e-04	-8.206239e-10
2.911283001604920e-04	-8.206238e-10
2.911716892052161e-04	-8.206238e-10
2.912163886708399e-04	-8.206238e-10
2.912649398373515e-04	-8.206238e-10
2.913185733430548e-04	-8.206238e-10
2.913865879763818e-04	-8.206238e-10
2.914744719626578e-04	-8.206238e-10
2.916053667881287e-04	-8.206238e-10
2.918161915529955e-04	-8.206237e-10
2.920720962255259e-04	-8.206237e-10
2.923621734247412e-04	-8.206236e-10
2.926249258082349e-04	-8.206235e-10
2.930010168472873e-04	-8.206235e-10
2.932189792711241e-04	-8.206234e-10
2.934483990463643e-04	-8.206233e-10
2.937305213734119e-04	-8.206233e-10
2.940352746299135e-04	-8.206232e-10
2.942421647884941e-04	-8.206232e-10
2.944611384362833e-04	-8.206231e-10
2.946313383994063e-04	-8.206231e-10
2.947902121963326e-04	-8.206231e-10
2.949315895190196e-04	-8.206230e-10
2.951013596876460e-04	-8.206230e-10
2.952257924337208e-04	-8.206230e-10
2.953306129926823e-04	-8.206229e-10
2.955732795877106e-04	-8.206228e-10
2.957341837267139e-04	-8.206228e-10
2.959448905532997e-04	-8.206228e-10
2.962773685401755e-04	-8.206227e-10
2.968570961789169e-04	-8.206226e-10
2.974324941493716e-04	-8.206225e-10
2.980375274508549e-04	-8.206223e-10
2.983754352269788e-04	-8.206222e-10
2.986001505984401e-04	-8.206222e-10
2.987920374908924e-04	-8.206221e-10
2.989540160987122e-04	-8.206221e-10
2.991068745239857e-04	-8.206220e-10
2.992610882922830e-04	-8.206220e-10
2.994152335006803e-04	-8.206220e-10
2.995934498574252e-04	-8.206219e-10
2.997553633247148e-04	-8.206219e-10
2.998943300947944e-04	-8.206218e-10
3.000331209599383e-04	-8.206218e-10
3.001658897505889e-04	-8.206218e-10
3.002985892910271e-04	-8.206217e-10
3.004482669818347e-04	-8.206217e-10
3.006644535516369e-04	-8.206217e-10
3.008932986624583e-04	-8.206216e-10
3.010967446965231e-04	-8.206216e-10
3.012015108329167e-04	-8.206215e-10
3.012908565220599e-04	-8.206215e-10
3.013663052076188e-04	-8.206215e-10
3.014642286836366e-04	-8.206215e-10
3.015359783375280e-04	-8.206215e-10
3.015913689367173e-04	-8.206214e-10
3.016503767892238e-04	-8.206214e-10
3.017157750239918e-04	-8.206214e-10
3.017947984961983e-04	-8.206213e-10
3.018861361520677e-04	-8.206213e-10
3.019373567557175e-04	-8.206213e-10
3.019883844661601e-04	-8.206213e-10
3.020554041069947e-04	-8.206213e-10
3.021182845930955e-04	-8.206213e-10
3.022126384038264e-04	-8.206213e-10
3.023208124060646e-04	-8.206212e-10
3.024638953701922e-04	-8.206212e-10
3.026233654958115e-04	-8.206212e-10
3.028003651128624e-04	-8.206211e-10
3.029828584133091e-04	-8.206211e-10
3.031495399964244e-04	-8.206210e-10
3.033329762094968e-04	-8.206210e-10
3.035225813541820e-04	-8.206210e-10
3.037094512993561e-04	-8.206209e-10
3.039231529283548e-04	-8.206208e-10
3.040483589738630e-04	-8.206208e-10
3.041572335105450e-04	-8.206208e-10
3.042822664254045e-04	-8.206207e-10
3.044088993196019e-04	-8.206207e-10
3.045469732798596e-04	-8.206207e-10
3.047022134215011e-04	-8.206206e-10
3.048182651196647e-04	-8.206206e-10
3.049523519474879e-04	-8.206206e-10
3.051004032017863e-04	-8.206205e-10
3.052153626694352e-04	-8.206205e-10
3.053371971564198e-04	-8.206205e-10
3.054703831021001e-04	-8.206205e-10
3.056149220796910e-04	-8.206204e-10
3.057969335892467e-04	-8.206203e-10
3.060247720488260e-04	-8.206203e-10
3.063496702901026e-04	-8.206202e-10
3.066595040176044e-04	-8.206201e-10
3.070172399875255e-04	-8.206200e-10
3.073736540732889e-04	-8.206200e-10
3.077946498442004e-04	-8.206198e-10
3.082584585468048e-04	-8.206197e-10
3.088427537002921e-04	-8.206196e-10
3.095534548011274e-04	-8.206194e-10
3.103637438843182e-04	-8.206191e-10
3.115670007178261e-04	-8.206188e-10
3.128325357326419e-04	-8.206185e-10
3.135446128703533e-04	-8.206182e-10
3.143026047273626e-04	-8.206181e-10
3.151788410084971e-04	-8.206178e-10
3.161060272480024e-04	-8.206175e-10
3.168282071249127e-04	-8.206174e-10
3.175410900186263e-04	-8.206171e-10
3.177372607345124e-04	-8.206171e-10
3.178328370295815e-04	-8.206171e-10
3.178748356350404e-04	-8.206170e-10
3.179028959846733e-04	-8.206170e-10
3.179264964669849e-04	-8.206170e-10
3.179497338912063e-04	-8.206170e-10
3.179738870835300e-04	-8.206170e-10
3.180059992425585e-04	-8.206170e-10
3.180430053868966e-04	-8.206170e-10
3.181005431600306e-04	-8.206170e-10
3.181547991290026e-04	-8.206170e-10
3.182187683388745e-04	-8.206170e-10
3.182774846059925e-04	-8.206169e-10
3.183021725758420e-04	-8.206169e-10
3.183192191569031e-04	-8.206169e-10
3.183402758534416e-04	-8.206169e-10
3.183567343896317e-04	-8.206169e-10
3.183686179068402e-04	-8.206169e-10
3.183809732353580e-04	-8.206169e-10
3.183952752433388e-04	-8.206169e-10
3.184112131416554e-04	-8.206169e-10
3.184327720234110e-04	-8.206169e-10
3.184607612242754e-04	-8.206169e-10
3.185029081419955e-04	-8.206169e-10
3.185610268316433e-04	-8.206169e-10
3.186333227725803e-04	-8.206169e-10
3.187207402471963e-04	-8.206168e-10
3.188388114749955e-04	-8.206168e-10
3.189508066950241e-04	-8.206167e-10
3.190396681736203e-04	-8.206167e-10
3.191210369123664e-04	-8.206167e-10
3.192105909087151e-04	-8.206167e-10
3.193082570438553e-04	-8.206166e-10
3.194168166067410e-04	-8.206166e-10
3.195377226078351e-04	-8.206166e-10
3.198257028909293e-04	-8.206165e-10
3.202054693903294e-04	-8.206164e-10
3.208482584379404e-04	-8.206162e-10
3.215787982834992e-04	-8.206160e-10
3.229501563212324e-04	-8.206156e-10
3.251872074793309e-04	-8.206150e-10
3.260396064157400e-04	-8.206147e-10
3.265452924929243e-04	-8.206146e-10
3.269636774080852e-04	-8.206145e-10
3.279439512458019e-04	-8.206142e-10
3.305878078703611e-04	-8.206135e-10
3.320039307106478e-04	-8.206131e-10
3.337051019641010e-04	-8.206126e-10
3.345708832777085e-04	-8.206124e-10
3.353883159374715e-04	-8.206121e-10
3.359456960035622e-04	-8.206120e-10
3.365444067285805e-04	-8.206118e-10
3.372048101355606e-04	-8.206116e-10
3.377796877782591e-04	-8.206115e-10
3.384499465325195e-04	-8.206112e-10
3.391532776423512e-04	-8.206111e-10
3.402848756875698e-04	-8.206107e-10
3.418174187522791e-04	-8.206103e-10
3.443256326106425e-04	-8.206096e-10
3.487031797282237e-04	-8.206084e-10
3.528007827165717e-04	-8.206072e-10
3.572423799174870e-04	-8.206060e-10
3.600112205269186e-04	-8.206052e-10
3.608697437803968e-04	-8.206050e-10
3.618671770250620e-04	-8.206047e-10
3.628646102697271e-04	-8.206044e-10
3.638620435143923e-04	-8.206041e-10
3.648594767590575e-04	-8.206038e-10
3.658569100037227e-04	-8.206036e-10
3.668543432483878e-04	-8.206033e-10
3.678517764930530e-04	-8.206030e-10
3.694549742182384e-04	-8.206025e-10
3.699472178485141e-04	-8.206024e-10
3.701057878745822e-04	-8.206024e-10
3.702120252488135e-04	-8.206024e-10
3.702835510531230e-04	-8.206023e-10
3.703439397588834e-04	-8.206023e-10
3.703966541570203e-04	-8.206023e-10
3.704441911102847e-04	-8.206023e-10
3.704868595334862e-04	-8.206023e-10
3.705248210646752e-04	-8.206023e-10
3.705583249803553e-04	-8.206023e-10
3.705879326533037e-04	-8.206023e-10
3.706146384629291e-04	-8.206023e-10
3.706400921119431e-04	-8.206022e-10
3.706689383640844e-04	-8.206022e-10
3.706961987264993e-04	-8.206022e-10
3.707188677144527e-04	-8.206022e-10
3.707402728521093e-04	-8.206022e-10
3.707615507849368e-04	-8.206022e-10
3.707871294697500e-04	-8.206022e-10
3.708121941146709e-04	-8.206022e-10
3.708361810571198e-04	-8.206021e-10
3.708613408046637e-04	-8.206021e-10
3.708915743009834e-04	-8.206021e-10
3.709195907374119e-04	-8.206021e-10
3.709555911558027e-04	-8.206021e-10
3.709873028320518e-04	-8.206021e-10
3.710019394037707e-04	-8.206021e-10
3.710123057566827e-04	-8.206021e-10
3.710242497824668e-04	-8.206021e-10
3.710373323550857e-04	-8.206021e-10
3.710448399205165e-04	-8.206021e-10
3.710522449637232e-04	-8.206021e-10
3.710614005258081e-04	-8.206021e-10
3.710705126802043e-04	-8.206021e-10
3.710836593792300e-04	-8.206021e-10
3.710993334091472e-04	-8.206021e-10
3.711250412998636e-04	-8.206021e-10
3.711635288891978e-04	-8.206021e-10
3.712319750959584e-04	-8.206020e-10
3.713064876386243e-04	-8.206020e-10
3.713938175684641e-04	-8.206020e-10
3.714926043416902e-04	-8.206020e-10
3.716161223182438e-04	-8.206020e-10
3.717802931973135e-04	-8.206019e-10
3.720389714072027e-04	-8.206018e-10
3.723623062066414e-04	-8.206018e-10
3.727137674854739e-04	-8.206016e-10
3.732195733772125e-04	-8.206015e-10
3.739382593989942e-04	-8.206013e-10
3.752037896418596e-04	-8.206009e-10
3.756340874475295e-04	-8.206008e-10
3.759029965536158e-04	-8.206008e-10
3.760769981346504e-04	-8.206007e-10
3.762536932028400e-04	-8.206006e-10
3.764820075839829e-04	-8.206006e-10
3.766012277875433e-04	-8.206005e-10
3.767307294104148e-04	-8.206005e-10
3.768861704346238e-04	-8.206005e-10
3.772670347402260e-04	-8.206004e-10
3.785783254827742e-04	-8.206000e-10
3.798703915487977e-04	-8.205996e-10
3.824545236808447e-04	-8.205989e-10
3.854611307590273e-04	-8.205980e-10
3.925792663179512e-04	-8.205960e-10
3.970070400734358e-04	-8.205948e-10
4.021281054031179e-04	-8.205934e-10
4.081927381316951e-04	-8.205917e-10
4.155264812110571e-04	-8.205896e-10
4.228410941895190e-04	-8.205875e-10
4.312898016856482e-04	-8.205852e-10
4.396958101650426e-04	-8.205828e-10
4.469483617972767e-04	-8.205808e-10
4.583673305841134e-04	-8.205776e-10
4.593066925241144e-04	-8.205773e-10
4.602460544641153e-04	-8.205771e-10
4.611854164041163e-04	-8.205768e-10
4.621247783441173e-04	-8.205765e-10
4.630641402841183e-04	-8.205763e-10
4.640035022241193e-04	-8.205760e-10
4.649428641641203e-04	-8.205757e-10
4.659360753096807e-04	-8.205754e-10
4.665260186702322e-04	-8.205753e-10
4.666887276379212e-04	-8.205753e-10
4.667516803926765e-04	-8.205752e-10
4.667823948215424e-04	-8.205752e-10
4.668053753481729e-04	-8.205752e-10
4.668296099507871e-04	-8.205752e-10
4.668516707435600e-04	-8.205752e-10
4.668678995893324e-04	-8.205752e-10
4.668864204205581e-04	-8.205752e-10
4.669051326734164e-04	-8.205752e-10
4.669425571791331e-04	-8.205752e-10
4.669572591176970e-04	-8.205752e-10
4.669669869874365e-04	-8.205752e-10
4.669747663646758e-04	-8.205752e-10
4.669859892803919e-04	-8.205752e-10
4.669922591161656e-04	-8.205752e-10
4.669978524085296e-04	-8.205752e-10
4.670041766055220e-04	-8.205752e-10
4.670112307340711e-04	-8.205752e-10
4.670197656122015e-04	-8.205752e-10
4.670305086631797e-04	-8.205752e-10
4.670448100184677e-04	-8.205752e-10
4.670644388453889e-04	-8.205752e-10
4.670927033663200e-04	-8.205751e-10
4.671359484645864e-04	-8.205751e-10
4.671891423580844e-04	-8.205751e-10
4.672493923519052e-04	-8.205751e-10
4.673095821165115e-04	-8.205751e-10
4.673742352288371e-04	-8.205751e-10
4.674410608665083e-04	-8.205751e-10
4.675578929804340e-04	-8.205750e-10
4.677773645352317e-04	-8.205749e-10
4.680955799536267e-04	-8.205748e-10
4.684128137685867e-04	-8.205748e-10
4.688338624662239e-04	-8.205747e-10
4.693892176439812e-04	-8.205745e-10
4.701192410426644e-04	-8.205743e-10
4.708888091538220e-04	-8.205741e-10
4.718323596984121e-04	-8.205738e-10
4.721428683311902e-04	-8.205737e-10
4.723377548461161e-04	-8.205737e-10
4.725213425193501e-04	-8.205736e-10
4.727563402750276e-04	-8.205736e-10
4.728746190157596e-04	-8.205735e-10
4.730199174372278e-04	-8.205734e-10
4.732059420854293e-04	-8.205734e-10
4.740650976318755e-04	-8.205732e-10
4.748013392763727e-04	-8.205729e-10
4.762738225653671e-04	-8.205726e-10
4.792187891433558e-04	-8.205717e-10
4.825094252129435e-04	-8.205708e-10
4.903877793486605e-04	-8.205686e-10
5.010398000353564e-04	-8.205656e-10
5.150116780433764e-04	-8.205617e-10
5.237739864356495e-04	-8.205592e-10
5.342826911305909e-04	-8.205563e-10
5.473367770158946e-04	-8.205526e-10
5.643562169047691e-04	-8.205478e-10
5.880769029404325e-04	-8.205411e-10
6.075160158459333e-04	-8.205357e-10
6.305202640279076e-04	-8.205293e-10
6.543955704077134e-04	-8.205225e-10
6.643761646948549e-04	-8.205198e-10
6.736890123776535e-04	-8.205171e-10
6.810567692419581e-04	-8.205150e-10
6.882434546923275e-04	-8.205130e-10
6.952365678377047e-04	-8.205110e-10
7.006937427805034e-04	-8.205095e-10
7.028643020387252e-04	-8.205089e-10
7.045310230189528e-04	-8.205084e-10
7.062164920909690e-04	-8.205080e-10
7.082718615251447e-04	-8.205074e-10
7.101895590682155e-04	-8.205069e-10
7.119179633139596e-04	-8.205064e-10
7.137906615825590e-04	-8.205059e-10
7.155637848485439e-04	-8.205054e-10
7.176220880467035e-04	-8.205048e-10
7.198352395466583e-04	-8.205042e-10
7.224550547452604e-04	-8.205034e-10
7.284681106906629e-04	-8.205017e-10
7.386189939938376e-04	-8.204989e-10
7.518794018397150e-04	-8.204952e-10
7.626946394122311e-04	-8.204921e-10
7.762469152369857e-04	-8.204883e-10
7.930897727982732e-04	-8.204836e-10
8.136922099949144e-04	-8.204778e-10
8.307942610260094e-04	-8.204730e-10
8.454834595163434e-04	-8.204689e-10
8.601726580066774e-04	-8.204648e-10
8.748618564970116e-04	-8.204607e-10
8.895510549873455e-04	-8.204565e-10
9.042402534776795e-04	-8.204524e-10
9.189294519680135e-04	-8.204483e-10
9.336186504583475e-04	-8.204442e-10
9.606259002040593e-04	-8.204366e-10
1.000245023386848e-03	-8.204254e-10
1.014053111504370e-03	-8.204216e-10
1.046476238427851e-03	-8.204125e-10
1.046668238427851e-03	-8.204124e-10
1.047436238427850e-03	-8.204122e-10
1.048019930812937e-03	-8.204121e-10
1.050800297788707e-03	-8.204113e-10
1.052295780936986e-03	-8.204109e-10
1.054292745581554e-03	-8.204103e-10
1.058666868104605e-03	-8.204091e-10
1.072717820698076e-03	-8.204051e-10
1.085064167478349e-03	-8.204016e-10
1.096990036865930e-03	-8.203983e-10
1.113268017625660e-03	-8.203938e-10
1.129554208030617e-03	-8.203892e-10
1.150198699732694e-03	-8.203834e-10
1.171743623467057e-03	-8.203773e-10
1.198915900824933e-03	-8.203697e-10
1.228848685057288e-03	-8.203613e-10
1.266722740006910e-03	-8.203507e-10
1.311008004835901e-03	-8.203383e-10
1.356591423141014e-03	-8.203255e-10
1.374362138308898e-03	-8.203205e-10
1.385175103897482e-03	-8.203175e-10
1.395497732201746e-03	-8.203146e-10
1.406267191689100e-03	-8.203115e-10
1.422641058196362e-03	-8.203070e-10
1.455388791210885e-03	-8.202978e-10
1.520884257239931e-03	-8.202795e-10
1.553862929279783e-03	-8.202702e-10
1.576133297481503e-03	-8.202640e-10
1.593911929286919e-03	-8.202590e-10
1.615081046616190e-03	-8.202530e-10
1.627460201452945e-03	-8.202495e-10
1.638515431252572e-03	-8.202465e-10
1.650942795811358e-03	-8.202430e-10
1.663979694107489e-03	-8.202393e-10
1.678198994932266e-03	-8.202353e-10
1.692007163026142e-03	-8.202315e-10
1.709280322647485e-03	-8.202266e-10
1.711829515268518e-03	-8.202259e-10
1.714378707889552e-03	-8.202252e-10
1.716927900510585e-03	-8.202245e-10
1.719477093131619e-03	-8.202238e-10
1.722026285752652e-03	-8.202230e-10
1.724575478373686e-03	-8.202223e-10
1.727124670994719e-03	-8.202216e-10
1.727927622152336e-03	-8.202214e-10
1.728480486094261e-03	-8.202212e-10
1.728878719174618e-03	-8.202211e-10
1.729194264067062e-03	-8.202211e-10
1.729458584319060e-03	-8.202209e-10
1.729700856977770e-03	-8.202209e-10
1.729947205296236e-03	-8.202208e-10
1.730238879788219e-03	-8.202208e-10
1.730521841802326e-03	-8.202207e-10
1.730868563333299e-03	-8.202206e-10
1.730961586227975e-03	-8.202206e-10
1.730997933384718e-03	-8.202206e-10
1.731013091555068e-03	-8.202206e-10
1.731024237236285e-03	-8.202206e-10
1.731035600613966e-03	-8.202206e-10
1.731053998802270e-03	-8.202205e-10
1.731071439473807e-03	-8.202205e-10
1.731086376345827e-03	-8.202205e-10
1.731096747574530e-03	-8.202205e-10
1.731103298823890e-03	-8.202205e-10
1.731107633046486e-03	-8.202205e-10
1.731111474429326e-03	-8.202205e-10
1.731115748426532e-03	-8.202205e-10
1.731120299164367e-03	-8.202205e-10
1.731122913113348e-03	-8.202205e-10
1.731125582670990e-03	-8.202205e-10
1.731128907736992e-03	-8.202205e-10
1.731132265515799e-03	-8.202205e-10
1.731137106319466e-03	-8.202205e-10
1.731142972939041e-03	-8.202205e-10
1.731152741954140e-03	-8.202205e-10
1.731168187067996e-03	-8.202205e-10
1.731199077295707e-03	-8.202205e-10
1.731234900186920e-03	-8.202205e-10
1.731280238655407e-03	-8.202204e-10
1.731350761766788e-03	-8.202204e-10
1.731441919495468e-03	-8.202204e-10
1.731699531870513e-03	-8.202203e-10
1.732200212341836e-03	-8.202202e-10
1.733110788356593e-03	-8.202199e-10
1.733902149464437e-03	-8.202197e-10
1.734145823498925e-03	-8.202197e-10
1.734381348111603e-03	-8.202196e-10
1.734777359381539e-03	-8.202195e-10
1.736377497840344e-03	-8.202191e-10
1.737960140138846e-03	-8.202186e-10
1.740216702195768e-03	-8.202179e-10
1.742798311233051e-03	-8.202172e-10
1.745926900220377e-03	-8.202163e-10
1.749679937571633e-03	-8.202153e-10
1.754143125662527e-03	-8.202141e-10
1.759335436168611e-03	-8.202126e-10
1.762664519267744e-03	-8.202117e-10
1.763068581235050e-03	-8.202115e-10
1.763472643202357e-03	-8.202114e-10
1.763876705169663e-03	-8.202113e-10
1.764280767136970e-03	-8.202112e-10
1.764684829104276e-03	-8.202111e-10
1.765088891071583e-03	-8.202110e-10
1.765492953038889e-03	-8.202109e-10
1.765741399894683e-03	-8.202108e-10
1.765994673911811e-03	-8.202107e-10
1.766150243428966e-03	-8.202107e-10
1.766316783234409e-03	-8.202106e-10
1.766367984463624e-03	-8.202106e-10
1.766426716105023e-03	-8.202106e-10
1.766451290089706e-03	-8.202106e-10
1.766467046160024e-03	-8.202106e-10
1.766479395672435e-03	-8.202106e-10
1.766488790740519e-03	-8.202106e-10
1.766496761354001e-03	-8.202106e-10
1.766503962074381e-03	-8.202106e-10
1.766511357254649e-03	-8.202106e-10
1.766518826904393e-03	-8.202106e-10
1.766527078980728e-03	-8.202106e-10
1.766537607641395e-03	-8.202106e-10
1.766548194741304e-03	-8.202106e-10
1.766561369649702e-03	-8.202106e-10
1.766576803333149e-03	-8.202106e-10
1.766591158578399e-03	-8.202106e-10
1.766598179047376e-03	-8.202106e-10
1.766602492614912e-03	-8.202106e-10
1.766606269281971e-03	-8.202106e-10
1.766611213782079e-03	-8.202106e-10
1.766613282181856e-03	-8.202106e-10
1.766615913591299e-03	-8.202106e-10
1.766619273076761e-03	-8.202106e-10
1.766622451763319e-03	-8.202106e-10
1.766626923707787e-03	-8.202106e-10
1.766631933252613e-03	-8.202106e-10
1.766639938758994e-03	-8.202106e-10
1.766651720339644e-03	-8.202106e-10
1.766675283500943e-03	-8.202106e-10
1.766684849451470e-03	-8.202106e-10
1.766695037477258e-03	-8.202106e-10
1.766701057353528e-03	-8.202106e-10
1.766706579745701e-03	-8.202105e-10
1.766711428492573e-03	-8.202105e-10
1.766715985827132e-03	-8.202105e-10
1.766720547124306e-03	-8.202105e-10
1.766725373756340e-03	-8.202105e-10
1.766732100658596e-03	-8.202105e-10
1.766738344172407e-03	-8.202105e-10
1.766745061539371e-03	-8.202105e-10
1.766752781552442e-03	-8.202105e-10
1.766762283514741e-03	-8.202105e-10
1.766772693673259e-03	-8.202105e-10
1.766775696989977e-03	-8.202105e-10
1.766778912886357e-03	-8.202105e-10
1.766780261471058e-03	-8.202105e-10
1.766781682608986e-03	-8.202105e-10
1.766782668641871e-03	-8.202105e-10
1.766783595246458e-03	-8.202105e-10
1.766784568248139e-03	-8.202105e-10
1.766785778478226e-03	-8.202105e-10
1.766786961356634e-03	-8.202105e-10
1.766788243083045e-03	-8.202105e-10
1.766789728267991e-03	-8.202105e-10
1.766791427361403e-03	-8.202105e-10
1.766793783817573e-03	-8.202105e-10
1.766797413957578e-03	-8.202105e-10
1.766801949923690e-03	-8.202105e-10
1.766809562725406e-03	-8.202105e-10
1.766811662211670e-03	-8.202105e-10
1.766813140350222e-03	-8.202105e-10
1.766813987978800e-03	-8.202105e-10
1.766814855964554e-03	-8.202105e-10
1.766815691008889e-03	-8.202105e-10
1.766816406362760e-03	-8.202105e-10
1.766817203635857e-03	-8.202105e-10
1.766817926834259e-03	-8.202105e-10
1.766818419744157e-03	-8.202105e-10
1.766818866145023e-03	-8.202105e-10
1.766819336064534e-03	-8.202105e-10
1.766819841765789e-03	-8.202105e-10
1.766820573367594e-03	-8.202105e-10
1.766821061064227e-03	-8.202105e-10
1.766821409366262e-03	-8.202105e-10
1.766821781186220e-03	-8.202105e-10
1.766822224249702e-03	-8.202105e-10
1.766822447144861e-03	-8.202105e-10
1.766822697952989e-03	-8.202105e-10
1.766822973510793e-03	-8.202105e-10
1.766823262862156e-03	-8.202105e-10
1.766823548009479e-03	-8.202105e-10
1.766823858405715e-03	-8.202105e-10
1.766824149206662e-03	-8.202105e-10
1.766824590265971e-03	-8.202105e-10
1.766825162829006e-03	-8.202105e-10
1.766825940281628e-03	-8.202105e-10
1.766826998795904e-03	-8.202105e-10
1.766828598382528e-03	-8.202105e-10
1.766831295293384e-03	-8.202105e-10
1.766835413279820e-03	-8.202105e-10
1.766839385481318e-03	-8.202105e-10
1.766844884691221e-03	-8.202105e-10
1.766851233829666e-03	-8.202105e-10
1.766860918051738e-03	-8.202105e-10
1.766872542227861e-03	-8.202105e-10
1.766887249386269e-03	-8.202105e-10
1.766896879243984e-03	-8.202105e-10
1.766904572320035e-03	-8.202105e-10
1.766912006996612e-03	-8.202105e-10
1.766920815580264e-03	-8.202105e-10
1.766930966810575e-03	-8.202105e-10
1.766941963338949e-03	-8.202105e-10
1.766956531063924e-03	-8.202105e-10
1.766967107387227e-03	-8.202105e-10
1.766979694529521e-03	-8.202105e-10
1.766993468845550e-03	-8.202105e-10
1.767012599352946e-03	-8.202105e-10
1.767020568566842e-03	-8.202105e-10
1.767027126515071e-03	-8.202105e-10
1.767036433684843e-03	-8.202105e-10
1.767043145103320e-03	-8.202105e-10
1.767052164810287e-03	-8.202105e-10
1.767063529760035e-03	-8.202105e-10
1.767083490346543e-03	-8.202104e-10
1.767112585084830e-03	-8.202104e-10
1.767147698418602e-03	-8.202104e-10
1.767192494363077e-03	-8.202104e-10
1.767243668626425e-03	-8.202104e-10
1.767295381121057e-03	-8.202103e-10
1.767350430795500e-03	-8.202103e-10
1.767423538590781e-03	-8.202103e-10
1.767483698970856e-03	-8.202103e-10
1.767547164004021e-03	-8.202103e-10
1.767604512079487e-03	-8.202103e-10
1.767670782156239e-03	-8.202103e-10
1.767736736308437e-03	-8.202102e-10
1.767809595833326e-03	-8.202102e-10
1.767876714190282e-03	-8.202102e-10
1.767949032479335e-03	-8.202102e-10
1.768020005007588e-03	-8.202102e-10
1.768098068218254e-03	-8.202101e-10
1.768179227901671e-03	-8.202101e-10
1.768270496752520e-03	-8.202101e-10
1.768369950316667e-03	-8.202101e-10
1.768485364683614e-03	-8.202100e-10
1.768618207585241e-03	-8.202100e-10
1.768780576114809e-03	-8.202100e-10
1.768982076620286e-03	-8.202099e-10
1.769250603041919e-03	-8.202098e-10
1.769542075912265e-03	-8.202097e-10
1.769835007088047e-03	-8.202097e-10
1.770140493303670e-03	-8.202096e-10
1.770458558916179e-03	-8.202095e-10
1.770810314137389e-03	-8.202094e-10
1.771204921775552e-03	-8.202093e-10
1.771670590093227e-03	-8.202091e-10
1.772230984113840e-03	-8.202090e-10
1.772941095544876e-03	-8.202088e-10
1.773878692017207e-03	-8.202085e-10
1.775224114613874e-03	-8.202081e-10
1.777391016079014e-03	-8.202076e-10
1.779555906287320e-03	-8.202070e-10
1.781592265772761e-03	-8.202063e-10
1.783689130688573e-03	-8.202058e-10
1.785679071874005e-03	-8.202052e-10
1.788583665023241e-03	-8.202044e-10
1.791709815390856e-03	-8.202035e-10
1.795874980424676e-03	-8.202024e-10
1.800410742805209e-03	-8.202011e-10
1.806122118363391e-03	-8.201995e-10
1.812575908934417e-03	-8.201977e-10
1.820783723008681e-03	-8.201954e-10
1.830749067364872e-03	-8.201926e-10
1.844348486693660e-03	-8.201888e-10
1.863272672510892e-03	-8.201835e-10
1.887749134721284e-03	-8.201766e-10
1.917854776216610e-03	-8.201682e-10
1.957660108405991e-03	-8.201571e-10
2.012379107886115e-03	-8.201417e-10
2.100001880855648e-03	-8.201172e-10
2.254067521887670e-03	-8.200741e-10
2.413183363040187e-03	-8.200295e-10
2.634440161925383e-03	-8.199675e-10
2.989931558900281e-03	-8.198552e-10
3.144291400154545e-03	-8.198005e-10
3.144291462663518e-03	-8.198005e-10
3.144291492076814e-03	-8.198005e-10
3.144291530985484e-03	-8.198005e-10
3.144291555620508e-03	-8.198005e-10
3.144291587397948e-03	-8.198005e-10
3.144291621831642e-03	-8.198005e-10
3.144291690699029e-03	-8.198005e-10
3.144291828433803e-03	-8.198005e-10
3.144291982489131e-03	-8.198005e-10
3.144292290599788e-03	-8.198005e-10
3.144292625515705e-03	-8.198005e-10
3.144293062914616e-03	-8.198005e-10
3.144293561933717e-03	-8.198005e-10
3.144294246393200e-03	-8.198005e-10
3.144295163023604e-03	-8.198005e-10
3.144296636915782e-03	-8.198005e-10
3.144299584700138e-03	-8.198005e-10
3.144303413626168e-03	-8.198005e-10
3.144307197439499e-03	-8.198005e-10
3.144312110901212e-03	-8.198005e-10
3.144317470588074e-03	-8.198005e-10
3.144324465984220e-03	-8.198005e-10
3.144332859112843e-03	-8.198005e-10
3.144343954147493e-03	-8.198005e-10
3.144358244412834e-03	-8.198005e-10
3.144377922354812e-03	-8.198004e-10
3.144405673891712e-03	-8.198004e-10
3.144439773644152e-03	-8.198004e-10
3.144478602026076e-03	-8.198004e-10
3.144526622506835e-03	-8.198004e-10
3.144541528195125e-03	-8.198004e-10
3.144551537790252e-03	-8.198004e-10
3.144557408585075e-03	-8.198004e-10
3.144561921794539e-03	-8.198004e-10
3.144566258180632e-03	-8.198004e-10
3.144571463314056e-03	-8.198004e-10
3.144577200560675e-03	-8.198004e-10
3.144582660068218e-03	-8.198004e-10
3.144588444298944e-03	-8.198004e-10
3.144594653284191e-03	-8.198004e-10
3.144601433505372e-03	-8.198004e-10
3.144610323895203e-03	-8.198004e-10
3.144618790924323e-03	-8.198004e-10
3.144630572496599e-03	-8.198004e-10
3.144642824432419e-03	-8.198004e-10
3.144663355806326e-03	-8.198004e-10
3.144688087725843e-03	-8.198003e-10
3.144712001944147e-03	-8.198003e-10
3.144738939637767e-03	-8.198003e-10
3.144765108033615e-03	-8.198003e-10
3.144799470320301e-03	-8.198003e-10
3.144853122886883e-03	-8.198003e-10
3.144937577901191e-03	-8.198003e-10
3.145015325179964e-03	-8.198002e-10
3.145170819737511e-03	-8.198002e-10
3.145481808852604e-03	-8.198001e-10
3.146022798412152e-03	-8.197999e-10
3.147104777531248e-03	-8.197995e-10
3.149268735769440e-03	-8.197987e-10
3.153596652245824e-03	-8.197971e-10
3.162252485198591e-03	-8.197938e-10
3.178931582842877e-03	-8.197876e-10
3.196177481860354e-03	-8.197811e-10
3.219964062967789e-03	-8.197721e-10
3.244832667771824e-03	-8.197626e-10
3.276782288628135e-03	-8.197501e-10
3.312307438121265e-03	-8.197361e-10
3.358450044106453e-03	-8.197174e-10
3.414338623495335e-03	-8.196943e-10
3.492364218467737e-03	-8.196611e-10
3.602118550493295e-03	-8.196122e-10
3.751931746691928e-03	-8.195416e-10
3.919706977181662e-03	-8.194571e-10
4.137649650309824e-03	-8.193382e-10
4.279338520033867e-03	-8.192553e-10
4.435706041268048e-03	-8.191586e-10
4.444639242298749e-03	-8.191529e-10
4.453572443329451e-03	-8.191471e-10
4.462505644360151e-03	-8.191414e-10
4.471438845390852e-03	-8.191357e-10
4.480372046421553e-03	-8.191299e-10
4.489305247452255e-03	-8.191241e-10
4.498238448482956e-03	-8.191183e-10
4.503105046264343e-03	-8.191151e-10
4.508344120763920e-03	-8.191117e-10
4.513634506132228e-03	-8.191083e-10
4.522160117288111e-03	-8.191027e-10
4.529724734986233e-03	-8.190977e-10
4.541412943607738e-03	-8.190900e-10
4.557113174288739e-03	-8.190796e-10
4.574936810333797e-03	-8.190677e-10
4.598396776928797e-03	-8.190519e-10
4.630087809894770e-03	-8.190305e-10
4.672779888472861e-03	-8.190011e-10
4.724779407136346e-03	-8.189648e-10
4.788002191780767e-03	-8.189197e-10
4.864665380771836e-03	-8.188638e-10
4.961598803607608e-03	-8.187910e-10
5.079351947705289e-03	-8.186994e-10
5.238402687410620e-03	-8.185702e-10
5.456574837552358e-03	-8.183823e-10
5.803447045376527e-03	-8.180574e-10
6.169013356896557e-03	-8.176794e-10
6.711913995437831e-03	-8.170478e-10
7.521624178502101e-03	-8.159426e-10
8.498186678502101e-03	-8.143372e-10
9.474749178502101e-03	-8.124211e-10
1.045131167850210e-02	-8.101831e-10
1.142787417850210e-02	-8.076140e-10
1.240443667850210e-02	-8.047073e-10
1.338099917850210e-02	-8.014585e-10
1.435756167850210e-02	-7.978649e-10
1.533412417850210e-02	-7.939258e-10
1.631068667850210e-02	-7.896417e-10
1.728724917850210e-02	-7.850145e-10
1.826381167850210e-02	-7.800472e-10
1.924037417850210e-02	-7.747439e-10
2.021693667850210e-02	-7.691092e-10
2.119349917850210e-02	-7.631487e-10
2.217006167850210e-02	-7.568685e-10
2.314662417850210e-02	-7.502752e-10
2.412318667850210e-02	-7.433757e-10
2.509974917850210e-02	-7.361776e-10
2.607631167850210e-02	-7.286885e-10
2.705287417850210e-02	-7.209163e-10
2.802943667850210e-02	-7.128691e-10
2.900599917850210e-02	-7.045552e-10
2.998256167850210e-02	-6.959828e-10
3.095912417850210e-02	-6.871604e-10
3.193568667850210e-02	-6.780965e-10
3.291224917850210e-02	-6.687995e-10
3.388881167850210e-02	-6.592776e-10
3.417246346421639e-02	-6.564707e-10
3.445611524993067e-02	-6.536460e-10
3.473976703564496e-02	-6.508036e-10
3.502341882135925e-02	-6.479435e-10
3.530707060707353e-02	-6.450657e-10
3.559072239278781e-02	-6.421702e-10
3.587437417850210e-02	-6.392570e-10
3.685093667850210e-02	-6.291033e-10
3.782749917850210e-02	-6.187593e-10
3.880406167850210e-02	-6.082322e-10
3.978062417850210e-02	-5.975300e-10
4.075718667850210e-02	-5.866603e-10
4.173374917850210e-02	-5.756308e-10
4.201740096421639e-02	-5.723980e-10
4.230105274993067e-02	-5.691528e-10
4.258470453564496e-02	-5.658953e-10
4.286835632135925e-02	-5.626254e-10
4.315200810707354e-02	-5.593431e-10
4.343565989278782e-02	-5.560485e-10
4.371931167850211e-02	-5.527415e-10
4.469587417850211e-02	-5.412717e-10
4.567243667850211e-02	-5.296725e-10
4.664899917850211e-02	-5.179503e-10
4.762556167850211e-02	-5.061117e-10
4.860212417850211e-02	-4.941632e-10
4.957868667850211e-02	-4.821112e-10
5.000184739278782e-02	-4.768575e-10
5.042500810707354e-02	-4.715870e-10
5.084816882135925e-02	-4.662999e-10
5.127132953564496e-02	-4.609960e-10
5.169449024993068e-02	-4.556754e-10
5.211765096421640e-02	-4.503380e-10
5.254081167850211e-02	-4.449840e-10
5.351737417850211e-02	-4.325773e-10
5.449393667850211e-02	-4.200975e-10
5.547049917850211e-02	-4.075501e-10
5.644706167850211e-02	-3.949404e-10
5.742362417850211e-02	-3.822735e-10
5.798629382135925e-02	-3.749497e-10
5.854896346421640e-02	-3.676115e-10
5.911163310707354e-02	-3.602588e-10
5.967430274993069e-02	-3.528917e-10
6.023697239278782e-02	-3.455103e-10
6.079964203564497e-02	-3.381144e-10
6.136231167850211e-02	-3.307041e-10
6.331543667850212e-02	-3.049137e-10
6.512774696773321e-02	-2.808919e-10
6.512774958632565e-02	-2.808916e-10
6.512775210808820e-02	-2.808910e-10
6.512775457770428e-02	-2.808901e-10
6.512775719474069e-02	-2.808886e-10
6.512776058469202e-02	-2.808861e-10
6.512777315298054e-02	-2.808700e-10
6.512777868962284e-02	-2.808613e-10
6.512778888976785e-02	-2.808470e-10
6.512780069090257e-02	-2.808375e-10
6.512780230099409e-02	-2.808369e-10
6.512780423468108e-02	-2.808364e-10
6.512780621656020e-02	-2.808360e-10
6.512780929791560e-02	-2.808356e-10
6.512781273350822e-02	-2.808353e-10
6.512781684535111e-02	-2.808346e-10
6.512781901998274e-02	-2.808341e-10
6.512782734803466e-02	-2.808296e-10
6.512783096388636e-02	-2.808261e-10
6.512783981025079e-02	-2.808145e-10
6.512784519271662e-02	-2.808063e-10
6.512785176898750e-02	-2.807966e-10
6.512785530099738e-02	-2.807920e-10
6.512785920283547e-02	-2.807876e-10
6.512786243339111e-02	-2.807847e-10
6.512786532473901e-02	-2.807826e-10
6.512786975462891e-02	-2.807805e-10
6.512787141364003e-02	-2.807800e-10
6.512787602497593e-02	-2.807791e-10
6.512788372975718e-02	-2.807778e-10
6.512788641856913e-02	-2.807772e-10
6.512788910738107e-02	-2.807761e-10
6.512789179619302e-02	-2.807745e-10
6.512789448500497e-02	-2.807726e-10
6.512789717381692e-02	-2.807702e-10
6.512789986262886e-02	-2.807674e-10
6.512790255144081e-02	-2.807642e-10
6.512791259211287e-02	-2.807498e-10
6.512791917798361e-02	-2.807403e-10
6.512792279309887e-02	-2.807356e-10
6.512792673525726e-02	-2.807312e-10
6.512793001572154e-02	-2.807283e-10
6.512793297567117e-02	-2.807262e-10
6.512793764653867e-02	-2.807239e-10
6.512794167579065e-02	-2.807227e-10
6.512794384030997e-02	-2.807223e-10
6.512795361983520e-02	-2.807201e-10
6.512796309761294e-02	-2.807145e-10
6.512796702107961e-02	-2.807106e-10
6.512797633505013e-02	-2.806985e-10
6.512798202482591e-02	-2.806902e-10
6.512799670797936e-02	-2.806726e-10
6.512800242568806e-02	-2.806686e-10
6.512800689322952e-02	-2.806666e-10
6.512801359442433e-02	-2.806648e-10
6.512801941124378e-02	-2.806634e-10
6.512802817536657e-02	-2.806591e-10
6.512803192276415e-02	-2.806560e-10
6.512804586626321e-02	-2.806388e-10
6.512805195354723e-02	-2.806303e-10
6.512805776005892e-02	-2.806229e-10
6.512806148062776e-02	-2.806188e-10
6.512806781124947e-02	-2.806134e-10
6.512807068246083e-02	-2.806116e-10
6.512807324619004e-02	-2.806104e-10
6.512807742672683e-02	-2.806089e-10
6.512807984211387e-02	-2.806082e-10
6.512808247041757e-02	-2.806075e-10
6.512808614845850e-02	-2.806065e-10
6.512809577046037e-02	-2.806017e-10
6.512809979272689e-02	-2.805984e-10
6.512810399163838e-02	-2.805940e-10
6.512810875545562e-02	-2.805882e-10
6.512812023335189e-02	-2.805726e-10
6.512812559879248e-02	-2.805660e-10
6.512812922728745e-02	-2.805620e-10
6.512813262176775e-02	-2.805589e-10
6.512813878800215e-02	-2.805546e-10
6.512814378656209e-02	-2.805524e-10
6.512814854980387e-02	-2.805508e-10
6.512815140540693e-02	-2.805499e-10
6.512815764215307e-02	-2.805476e-10
6.512816253361932e-02	-2.805442e-10
6.512816742508556e-02	-2.805402e-10
6.512817231655181e-02	-2.805356e-10
6.512817720801804e-02	-2.805303e-10
6.512818209948429e-02	-2.805245e-10
6.512818699095053e-02	-2.805180e-10
6.512819188241678e-02	-2.805109e-10
6.512820294477253e-02	-2.805001e-10
6.512820617842638e-02	-2.804979e-10
6.512820909964055e-02	-2.804963e-10
6.512821679874026e-02	-2.804933e-10
6.512822706747302e-02	-2.804891e-10
6.512823530601207e-02	-2.804832e-10
6.512823984124881e-02	-2.804787e-10
6.512825007960506e-02	-2.804661e-10
6.512825642711394e-02	-2.804579e-10
6.512826547369636e-02	-2.804477e-10
6.512826899938762e-02	-2.804446e-10
6.512827235165507e-02	-2.804420e-10
6.512827863181778e-02	-2.804384e-10
6.512828146956637e-02	-2.804371e-10
6.512828424832540e-02	-2.804361e-10
6.512829466168292e-02	-2.804315e-10
6.512830304834273e-02	-2.804255e-10
6.512831789335254e-02	-2.804089e-10
6.512833419651845e-02	-2.803900e-10
6.512833771829679e-02	-2.803869e-10
6.512834442733313e-02	-2.803822e-10
6.512835088401736e-02	-2.803791e-10
6.512835435681288e-02	-2.803776e-10
6.512835792230734e-02	-2.803760e-10
6.512836166217617e-02	-2.803741e-10
6.512836557213039e-02	-2.803718e-10
6.512837038954666e-02	-2.803682e-10
6.512837477346627e-02	-2.803641e-10
6.512838000029295e-02	-2.803585e-10
6.512839165403982e-02	-2.803444e-10
6.512840023574237e-02	-2.803348e-10
6.512840908951240e-02	-2.803271e-10
6.512841246399324e-02	-2.803248e-10
6.512841937694643e-02	-2.803210e-10
6.512842729868892e-02	-2.803171e-10
6.512843131602289e-02	-2.803149e-10
6.512843533335687e-02	-2.803123e-10
6.512843935069083e-02	-2.803092e-10
6.512844336802481e-02	-2.803057e-10
6.512844738535878e-02	-2.803017e-10
6.512845140269276e-02	-2.802972e-10
6.512845542002672e-02	-2.802923e-10
6.512846191487698e-02	-2.802847e-10
6.512846827918148e-02	-2.802777e-10
6.512847248324902e-02	-2.802737e-10
6.512847619913162e-02	-2.802705e-10
6.512847982862151e-02	-2.802678e-10
6.512848356192405e-02	-2.802654e-10
6.512848744984828e-02	-2.802632e-10
6.512850034437737e-02	-2.802562e-10
6.512850448453146e-02	-2.802534e-10
6.512851945783286e-02	-2.802394e-10
6.512852550796633e-02	-2.802325e-10
6.512853718207347e-02	-2.802196e-10
6.512854557605428e-02	-2.802120e-10
6.512854952241300e-02	-2.802091e-10
6.512856248647050e-02	-2.802015e-10
6.512857213040366e-02	-2.801955e-10
6.512857641177548e-02	-2.801922e-10
6.512858127618865e-02	-2.801880e-10
6.512859915380116e-02	-2.801688e-10
6.512860853995141e-02	-2.801592e-10
6.512861412244496e-02	-2.801542e-10
6.512862701897031e-02	-2.801452e-10
6.512863746905602e-02	-2.801388e-10
6.512864176711940e-02	-2.801359e-10
6.512864624952869e-02	-2.801325e-10
6.512865703340565e-02	-2.801225e-10
6.512866292048734e-02	-2.801162e-10
6.512867003380383e-02	-2.801086e-10
6.512867813776924e-02	-2.801005e-10
6.512869699548349e-02	-2.800858e-10
6.512870221142271e-02	-2.800825e-10
6.512870852689648e-02	-2.800783e-10
6.512871772030591e-02	-2.800714e-10
6.512873551581634e-02	-2.800540e-10
6.512875822026531e-02	-2.800327e-10
6.512876316067912e-02	-2.800290e-10
6.512877454994180e-02	-2.800213e-10
6.512878085865903e-02	-2.800166e-10
6.512878716737627e-02	-2.800115e-10
6.512879347609350e-02	-2.800062e-10
6.512879978481075e-02	-2.800005e-10
6.512880609352797e-02	-2.799945e-10
6.512881240224522e-02	-2.799882e-10
6.512881871096245e-02	-2.799816e-10
6.512882363036060e-02	-2.799772e-10
6.512882875616197e-02	-2.799729e-10
6.512884039471407e-02	-2.799642e-10
6.512885584757973e-02	-2.799529e-10
6.512886257321480e-02	-2.799473e-10
6.512886926631548e-02	-2.799412e-10
6.512888437038689e-02	-2.799266e-10
6.512889346483224e-02	-2.799181e-10
6.512891154511484e-02	-2.799035e-10
6.512891854524545e-02	-2.798983e-10
6.512892737277334e-02	-2.798915e-10
6.512893340775736e-02	-2.798865e-10
6.512895517380139e-02	-2.798665e-10
6.512897916008804e-02	-2.798455e-10
6.512898634797416e-02	-2.798399e-10
6.512899426515734e-02	-2.798338e-10
6.512900187556595e-02	-2.798274e-10
6.512900948597455e-02	-2.798210e-10
6.512901709638316e-02	-2.798144e-10
6.512902470679179e-02	-2.798078e-10
6.512903231720039e-02	-2.798010e-10
6.512903992760900e-02	-2.797941e-10
6.512904753801761e-02	-2.797872e-10
6.512905471675037e-02	-2.797813e-10
6.512906343497098e-02	-2.797742e-10
6.512907264432506e-02	-2.797668e-10
6.512908107434354e-02	-2.797599e-10
6.512908901253958e-02	-2.797530e-10
6.512909839941351e-02	-2.797446e-10
6.512912160323070e-02	-2.797241e-10
6.512913145083916e-02	-2.797158e-10
6.512914242164518e-02	-2.797068e-10
6.512915401052667e-02	-2.796972e-10
6.512916402600849e-02	-2.796887e-10
6.512918777579428e-02	-2.796679e-10
6.512920264474199e-02	-2.796550e-10
6.512922963602777e-02	-2.796322e-10
6.512925924908321e-02	-2.796069e-10
6.512937161563684e-02	-2.795104e-10
6.512940502239180e-02	-2.794817e-10
6.512945321468389e-02	-2.794403e-10
6.512950399351303e-02	-2.793967e-10
6.512971147765872e-02	-2.792181e-10
6.513064968369003e-02	-2.784042e-10
6.513158788972133e-02	-2.775794e-10
6.513252609575264e-02	-2.767439e-10
6.513346430178393e-02	-2.758975e-10
6.513440250781524e-02	-2.750403e-10
6.513534071384654e-02	-2.741722e-10
6.513627891987785e-02	-2.732934e-10
6.514305821507177e-02	-2.665949e-10
6.515661680545963e-02	-2.512055e-10
6.517556942091780e-02	-2.244934e-10
6.519576670431501e-02	-1.879551e-10
6.521581047904124e-02	-1.415259e-10
6.523579471334258e-02	-8.266255e-11
6.525544995478499e-02	-9.504132e-12
6.527491081881190e-02	8.150919e-11
6.529418988506888e-02	1.943345e-10
6.531334065486161e-02	3.341301e-10
6.533239466344119e-02	5.072133e-10
6.535137714396948e-02	7.214093e-10
6.537030707775633e-02	9.863944e-10
6.538919802697063e-02	1.314123e-09
6.540806036631626e-02	1.719383e-09
6.542690186087613e-02	2.220471e-09
6.544572868069604e-02	2.840050e-09
6.546454600108971e-02	3.606228e-09
6.548335865032724e-02	4.553922e-09
6.550217178476571e-02	5.726631e-09
6.550246584667448e-02	5.746786e-09
6.550323775918497e-02	5.799962e-09
6.550331127466216e-02	5.805048e-09
6.550345830561655e-02	5.815231e-09
6.550346290033388e-02	5.815550e-09
6.550347208976852e-02	5.816187e-09
6.550349046863782e-02	5.817461e-09
6.550360074185360e-02	5.825113e-09
6.550404183471675e-02	5.855814e-09
6.550580620616933e-02	5.980165e-09
6.550815870143943e-02	6.149897e-09
6.551286369197964e-02	6.503367e-09
6.552227367306007e-02	7.270551e-09
6.552801844781551e-02	7.783220e-09
6.552897591027475e-02	7.871863e-09
6.553089083519323e-02	8.051486e-09
6.553136956642285e-02	8.097029e-09
6.553274591870800e-02	8.229128e-09
6.553283568081356e-02	8.237807e-09
6.553319472923577e-02	8.272607e-09
6.553367346046539e-02	8.319226e-09
6.553654584784310e-02	8.604267e-09
6.554037569768006e-02	8.998978e-09
6.554803539735399e-02	9.841886e-09
6.556335479670183e-02	1.176837e-08
6.557983271771282e-02	1.425520e-08
6.559822281877435e-02	1.764183e-08
6.561661886670812e-02	2.181466e-08
6.563561875295175e-02	2.714130e-08
6.565461355451302e-02	3.374286e-08
6.567403301695103e-02	4.213087e-08
6.569371658575812e-02	5.273631e-08
6.571406016045202e-02	6.647918e-08
6.573523039921751e-02	8.455547e-08
6.575781943281683e-02	1.092460e-07
6.578244081389038e-02	1.443927e-07
6.580375517207540e-02	1.836457e-07
6.582644798587985e-02	2.371544e-07
6.584735548776866e-02	3.000707e-07
6.586895865914770e-02	3.826979e-07
6.589163864928299e-02	4.942152e-07
6.591997104114251e-02	6.812144e-07
6.593483380517738e-02	8.048291e-07
6.594406202916428e-02	8.920214e-07
6.595010973755341e-02	9.540219e-07
6.595518513295938e-02	1.009238e-06
6.596053149457942e-02	1.070750e-06
6.596546904491064e-02	1.130793e-06
6.597540544557320e-02	1.261834e-06
6.598033402331764e-02	1.332310e-06
6.599022999609738e-02	1.485937e-06
6.599527010576149e-02	1.570921e-06
6.600589817235648e-02	1.766683e-06
6.601179858957897e-02	1.885970e-06
6.601859754798027e-02	2.033781e-06
6.602723521504790e-02	2.239042e-06
6.604149721941421e-02	2.626244e-06
6.605769557577053e-02	3.149922e-06
6.607523623073991e-02	3.836226e-06
6.609788824075506e-02	4.950833e-06
6.612973027651033e-02	7.100727e-06
6.617090829452063e-02	1.136033e-05
6.620993439495600e-02	1.769561e-05
6.625337875255502e-02	2.893428e-05
6.629469826434199e-02	4.601353e-05
6.633818165629107e-02	7.474905e-05
6.638077042762966e-02	1.196808e-04
6.642481106500038e-02	1.936351e-04
6.646909037132288e-02	3.114356e-04
6.651502180591652e-02	5.035273e-04
6.656269842707888e-02	8.138646e-04
6.661371639499469e-02	1.324383e-03
6.666949222932654e-02	2.170688e-03
6.673300360705950e-02	3.611995e-03
6.680839766013574e-02	6.140878e-03
6.689075184844696e-02	1.002976e-02
6.698549347190105e-02	1.585701e-02
6.704335183052958e-02	2.008304e-02
6.711013999248963e-02	2.553669e-02
6.713801989394762e-02	2.798780e-02
6.714678467375064e-02	2.877900e-02
6.715086781645738e-02	2.915087e-02
6.716734159675482e-02	3.067171e-02
6.722096704729251e-02	3.584307e-02
6.729246764800943e-02	4.324012e-02
6.743546884944326e-02	5.964297e-02
6.763813345396294e-02	8.632208e-02
6.785238371583029e-02	1.186544e-01
6.813279892802764e-02	1.670496e-01
6.845972441594061e-02	2.318062e-01
6.894510504291643e-02	3.436742e-01
6.896110504291643e-02	3.476812e-01
6.899310504291643e-02	3.557530e-01
6.905710504291643e-02	3.721272e-01
6.918510504291643e-02	4.057876e-01
6.944110504291644e-02	4.766722e-01
6.960114512767593e-02	5.233530e-01
6.972685029987524e-02	5.612673e-01
6.983366784812546e-02	5.943307e-01
6.993545683846888e-02	6.265476e-01
7.002993048481028e-02	6.570589e-01
7.009994947314063e-02	6.800460e-01
7.012537861919961e-02	6.884726e-01
7.013871807090835e-02	6.929095e-01
7.014537037730459e-02	6.951264e-01
7.014945131096781e-02	6.964877e-01
7.015335614674154e-02	6.977913e-01
7.015441702537338e-02	6.981456e-01
7.015531756582141e-02	6.984465e-01
7.015642846074796e-02	6.988177e-01
7.015682843757926e-02	6.989513e-01
7.015754163831951e-02	6.991897e-01
7.015789434234726e-02	6.993076e-01
7.015823801413265e-02	6.994225e-01
7.015893697913564e-02	6.996561e-01
7.015927011140853e-02	6.997675e-01
7.015959649502761e-02	6.998766e-01
7.016024177175306e-02	7.000924e-01
7.016119439785731e-02	7.004110e-01
7.016150921349548e-02	7.005163e-01
7.016259464286895e-02	7.008794e-01
7.016306251346542e-02	7.010359e-01
7.016424610072271e-02	7.014320e-01
7.016502990383947e-02	7.016943e-01
7.016602387218600e-02	7.020270e-01
7.017231630240722e-02	7.041348e-01
7.017823962578427e-02	7.061212e-01
7.019008627253839e-02	7.101007e-01
7.020715799649369e-02	7.158509e-01
7.021225012745454e-02	7.175696e-01
7.021625384287679e-02	7.189221e-01
7.022176869002950e-02	7.207868e-01
7.022472294934445e-02	7.217864e-01
7.022902373799114e-02	7.232426e-01
7.023357230489403e-02	7.247841e-01
7.024266943869981e-02	7.278708e-01
7.026086370631136e-02	7.340597e-01
7.029094402892695e-02	7.443370e-01
7.032334320141394e-02	7.554694e-01
7.036638128121367e-02	7.703577e-01
7.037356451167016e-02	7.728554e-01
7.039456676254381e-02	7.801730e-01
7.039851595074278e-02	7.815518e-01
7.040072206714068e-02	7.823224e-01
7.040285634845565e-02	7.830682e-01
7.040340654969980e-02	7.832605e-01
7.040378068704517e-02	7.833913e-01
7.040426384191090e-02	7.835602e-01
7.040501095064348e-02	7.838213e-01
7.040600709562027e-02	7.841697e-01
7.040799938557382e-02	7.848665e-01
7.041198396548094e-02	7.862609e-01
7.041995312529518e-02	7.890525e-01
7.043589144492367e-02	7.946475e-01
7.046776808418063e-02	8.058839e-01
7.053152136269457e-02	8.285415e-01
7.065902791972244e-02	8.745871e-01
7.080026415075402e-02	9.267114e-01
7.097988728151816e-02	9.946696e-01
7.120447734382856e-02	1.082200e+00
7.149089958698721e-02	1.197823e+00
7.184251165623531e-02	1.345655e+00
7.227578623737330e-02	1.536342e+00
7.227678623737330e-02	1.536793e+00
7.232478623737330e-02	1.558497e+00
7.238878623737330e-02	1.587605e+00
7.251678623737330e-02	1.646396e+00
7.277278623737331e-02	1.766238e+00
7.277378623737331e-02	1.766712e+00
7.278978623737331e-02	1.774303e+00
7.282178623737331e-02	1.789519e+00
7.288578623737331e-02	1.820088e+00
7.301378623737331e-02	1.881768e+00
7.314494934762771e-02	1.945717e+00
7.325510592129712e-02	1.999997e+00
7.337574248405365e-02	2.060035e+00
7.347270946495921e-02	2.108737e+00
7.352013069246288e-02	2.132698e+00
7.358568222413554e-02	2.165973e+00
7.364272920937560e-02	2.195075e+00
7.370465964008742e-02	2.226818e+00
7.376797771873485e-02	2.259434e+00
7.388220605459345e-02	2.318680e+00
7.398263237374415e-02	2.371196e+00
7.406829225438837e-02	2.416303e+00
7.415366903481198e-02	2.461544e+00
7.424290447946007e-02	2.509126e+00
7.434009368230182e-02	2.561287e+00
7.444681520045822e-02	2.618960e+00
7.455199295045961e-02	2.676190e+00
7.466149429381287e-02	2.736172e+00
7.477464065671478e-02	2.798565e+00
7.489418353341228e-02	2.864928e+00
7.491028629596781e-02	2.873905e+00
7.491431198660670e-02	2.876151e+00
7.491531840926642e-02	2.876712e+00
7.491557001493135e-02	2.876852e+00
7.491619902909367e-02	2.877203e+00
7.491645063475860e-02	2.877343e+00
7.491695384608846e-02	2.877624e+00
7.491731572977593e-02	2.877826e+00
7.491776772672747e-02	2.878077e+00
7.491837469923293e-02	2.878413e+00
7.491911120625661e-02	2.878816e+00
7.491990185522369e-02	2.879243e+00
7.492062010492821e-02	2.879623e+00
7.492115990650211e-02	2.879904e+00
7.492158524130957e-02	2.880121e+00
7.492210594803267e-02	2.880381e+00
7.492237595485352e-02	2.880513e+00
7.492251881196658e-02	2.880582e+00
7.492275090099912e-02	2.880693e+00
7.492295213433521e-02	2.880788e+00
7.492311821717004e-02	2.880865e+00
7.492327832956912e-02	2.880938e+00
7.492345323322210e-02	2.881017e+00
7.492361264764771e-02	2.881088e+00
7.492377658177593e-02	2.881160e+00
7.492394448008624e-02	2.881232e+00
7.492412389292868e-02	2.881308e+00
7.492431804348255e-02	2.881389e+00
7.492453461489403e-02	2.881476e+00
7.492478194531262e-02	2.881574e+00
7.492507325889362e-02	2.881685e+00
7.492542792250317e-02	2.881814e+00
7.492587803881347e-02	2.881969e+00
7.492647915468051e-02	2.882159e+00
7.492739374222653e-02	2.882411e+00
7.492922291731856e-02	2.882780e+00
7.493022291731856e-02	2.882909e+00
7.493168520762153e-02	2.883014e+00
7.493265490584082e-02	2.883035e+00
7.493303683993863e-02	2.883034e+00
7.493330104558427e-02	2.883030e+00
7.493343791272128e-02	2.883028e+00
7.493354657496659e-02	2.883025e+00
7.493360176661241e-02	2.883024e+00
7.493364823226729e-02	2.883023e+00
7.493367162710854e-02	2.883022e+00
7.493369199767999e-02	2.883022e+00
7.493370248836508e-02	2.883022e+00
7.493371089936179e-02	2.883021e+00
7.493371776850771e-02	2.883021e+00
7.493372552409477e-02	2.883021e+00
7.493373326321139e-02	2.883021e+00
7.493373970916403e-02	2.883020e+00
7.493374590955437e-02	2.883020e+00
7.493375296721397e-02	2.883020e+00
7.493375674942222e-02	2.883020e+00
7.493375921981359e-02	2.883020e+00
7.493376148433013e-02	2.883020e+00
7.493376377090326e-02	2.883020e+00
7.493376710696535e-02	2.883020e+00
7.493377083481255e-02	2.883020e+00
7.493377599906627e-02	2.883019e+00
7.493378355631941e-02	2.883019e+00
7.493378941672846e-02	2.883019e+00
7.493379640034091e-02	2.883019e+00
7.493380310732066e-02	2.883019e+00
7.493381101239406e-02	2.883019e+00
7.493381855860211e-02	2.883018e+00
7.493382520700026e-02	2.883018e+00
7.493383031496816e-02	2.883018e+00
7.493383363343847e-02	2.883018e+00
7.493383746228240e-02	2.883018e+00
7.493384142265377e-02	2.883018e+00
7.493384751093062e-02	2.883018e+00
7.493385513569964e-02	2.883018e+00
7.493385837476124e-02	2.883017e+00
7.493386149609856e-02	2.883017e+00
7.493386449336990e-02	2.883017e+00
7.493386868346419e-02	2.883017e+00
7.493387320134601e-02	2.883017e+00
7.493387888985199e-02	2.883017e+00
7.493388526633533e-02	2.883017e+00
7.493389360879306e-02	2.883017e+00
7.493390452769201e-02	2.883016e+00
7.493391402908671e-02	2.883016e+00
7.493392267799315e-02	2.883016e+00
7.493393099112046e-02	2.883015e+00
7.493394035942771e-02	2.883015e+00
7.493394890375293e-02	2.883015e+00
7.493395901802635e-02	2.883015e+00
7.493397044240933e-02	2.883014e+00
7.493397946761149e-02	2.883014e+00
7.493398880846680e-02	2.883014e+00
7.493399929808540e-02	2.883014e+00
7.493401038478117e-02	2.883013e+00
7.493402606215932e-02	2.883013e+00
7.493403860384604e-02	2.883013e+00
7.493405106142269e-02	2.883012e+00
7.493406658868648e-02	2.883012e+00
7.493408097529854e-02	2.883012e+00
7.493410194830068e-02	2.883011e+00
7.493411953429763e-02	2.883011e+00
7.493414042609034e-02	2.883010e+00
7.493416234463175e-02	2.883009e+00
7.493418571203438e-02	2.883009e+00
7.493421411936334e-02	2.883008e+00
7.493424410760130e-02	2.883007e+00
7.493428307028398e-02	2.883006e+00
7.493433017037338e-02	2.883005e+00
7.493439004744491e-02	2.883003e+00
7.493448955088305e-02	2.883001e+00
7.493459172323025e-02	2.882998e+00
7.493479606792465e-02	2.882993e+00
7.493511407263874e-02	2.882985e+00
7.493575008206692e-02	2.882968e+00
7.493702210092328e-02	2.882935e+00
7.493908352515515e-02	2.882881e+00
7.494228627882372e-02	2.882797e+00
7.494580618213842e-02	2.882705e+00
7.494899496080934e-02	2.882622e+00
7.495237988059356e-02	2.882535e+00
7.495574958014277e-02	2.882449e+00
7.495926894503782e-02	2.882360e+00
7.496298452815717e-02	2.882268e+00
7.496707746110395e-02	2.882171e+00
7.497190507915373e-02	2.882065e+00
7.497867761421291e-02	2.881937e+00
7.498414654885671e-02	2.881855e+00
7.499038004121701e-02	2.881786e+00
7.499734928501957e-02	2.881736e+00
7.500512765936249e-02	2.881707e+00
7.501701124372069e-02	2.881691e+00
7.502694427910860e-02	2.881689e+00
7.503977908643257e-02	2.881689e+00
7.505159052299383e-02	2.881688e+00
7.507077022324585e-02	2.881686e+00
7.510687997174795e-02	2.881684e+00
7.514601506268508e-02	2.881682e+00
7.521914477339568e-02	2.881682e+00
7.526276174217050e-02	2.881682e+00
7.529770274871256e-02	2.881682e+00
7.531163279490445e-02	2.881683e+00
7.531834794284152e-02	2.881683e+00
7.532185848349596e-02	2.881683e+00
7.532413939931507e-02	2.881683e+00
7.532502894465372e-02	2.881683e+00
7.532602129019002e-02	2.881683e+00
7.532710894305526e-02	2.881683e+00
7.532790807121748e-02	2.881683e+00
7.532876202309721e-02	2.881683e+00
7.532993017051197e-02	2.881683e+00
7.533103614546359e-02	2.881683e+00
7.533262842695367e-02	2.881683e+00
7.533420726479119e-02	2.881683e+00
7.533646963318211e-02	2.881683e+00
7.533888491255730e-02	2.881683e+00
7.534245150260031e-02	2.881683e+00
7.534666670148403e-02	2.881683e+00
7.535345011409714e-02	2.881683e+00
7.536274469731591e-02	2.881683e+00
7.538085088757843e-02	2.881683e+00
7.541495243978939e-02	2.881683e+00
7.548208056466635e-02	2.881684e+00
7.558393050831909e-02	2.881684e+00
7.575095257044985e-02	2.881690e+00
7.597490046803791e-02	2.881694e+00
7.631252491244506e-02	2.881696e+00
7.662520625477291e-02	2.881698e+00
7.725056893942861e-02	2.881701e+00
7.725156893942861e-02	2.881701e+00
7.726756893942861e-02	2.881701e+00
7.729956893942862e-02	2.881701e+00
7.736356893942861e-02	2.881701e+00
7.749156893942862e-02	2.881701e+00
7.774756893942862e-02	2.881702e+00
7.806938948461020e-02	2.881702e+00
7.846381701179113e-02	2.881703e+00
7.876397871330484e-02	2.881703e+00
7.916454672019266e-02	2.881703e+00
7.932861710123659e-02	2.881703e+00
7.945124688792263e-02	2.881703e+00
7.955107104766213e-02	2.881703e+00
7.964351617159680e-02	2.881703e+00
7.972954221693489e-02	2.881703e+00
7.981103836215411e-02	2.881703e+00
7.989738526032558e-02	2.881702e+00
7.997620496604789e-02	2.881702e+00
8.005602301393974e-02	2.881702e+00
8.013657713357761e-02	2.881702e+00
8.022284853688004e-02	2.881702e+00
8.032305891961672e-02	2.881702e+00
8.047431876610474e-02	2.881701e+00
8.058470981066206e-02	2.881701e+00
8.070951170159052e-02	2.881702e+00
8.083754266183996e-02	2.881702e+00
8.103029897721221e-02	2.881702e+00
8.125064940398684e-02	2.881702e+00
8.145015185830641e-02	2.881702e+00
8.172074036792690e-02	2.881702e+00
8.204712486940739e-02	2.881702e+00
8.269354492342690e-02	2.881702e+00
8.269454492342690e-02	2.881702e+00
8.271054492342690e-02	2.881702e+00
8.274254492342691e-02	2.881702e+00
8.280654492342690e-02	2.881702e+00
8.293454492342690e-02	2.881702e+00
8.319054492342691e-02	2.881702e+00
8.370254492342691e-02	2.881702e+00
8.370354492342691e-02	2.881702e+00
8.371954492342691e-02	2.881703e+00
8.375154492342692e-02	2.881703e+00
8.381554492342691e-02	2.881703e+00
8.394354492342691e-02	2.881703e+00
8.419954492342692e-02	2.881712e+00
8.436059674221973e-02	2.881755e+00
8.447557933194512e-02	2.881876e+00
8.456381144503136e-02	2.882133e+00
8.463124301758594e-02	2.882563e+00
8.468973643140310e-02	2.883273e+00
8.474647994084282e-02	2.884517e+00
8.480298360184160e-02	2.886718e+00
8.486122271903959e-02	2.890741e+00
8.491685855903042e-02	2.897390e+00
8.497191760244378e-02	2.907972e+00
8.501791384828615e-02	2.920538e+00
8.504475810958727e-02	2.929864e+00
8.507372604633043e-02	2.942123e+00
8.507472604633043e-02	2.942587e+00
8.507672604633043e-02	2.943533e+00
8.508072604633043e-02	2.945458e+00
8.508872604633043e-02	2.949474e+00
8.508897604633042e-02	2.949604e+00
8.508947604633042e-02	2.949863e+00
8.509047604633042e-02	2.950383e+00
8.509147604633042e-02	2.950908e+00
8.509347604633043e-02	2.951968e+00
8.509747604633043e-02	2.954136e+00
8.510547604633042e-02	2.958661e+00
8.512247604633043e-02	2.969156e+00
8.513847604633043e-02	2.980161e+00
8.513947604633043e-02	2.980886e+00
8.515547604633043e-02	2.993102e+00
8.515647604633043e-02	2.993904e+00
8.516227572360055e-02	2.998645e+00
8.516327572360055e-02	2.999478e+00
8.516642638424195e-02	3.002132e+00
8.516946825192917e-02	3.004738e+00
8.517203934867960e-02	3.006973e+00
8.517414415512974e-02	3.008825e+00
8.517596413330802e-02	3.010443e+00
8.517760535275341e-02	3.011915e+00
8.517913274443800e-02	3.013296e+00
8.518058740253971e-02	3.014621e+00
8.518210835127189e-02	3.016016e+00
8.518352045790310e-02	3.017321e+00
8.518493742863505e-02	3.018640e+00
8.518634402553923e-02	3.019957e+00
8.518778349306107e-02	3.021314e+00
8.518929184071682e-02	3.022746e+00
8.519093727110069e-02	3.024318e+00
8.519285339026648e-02	3.026162e+00
8.519539444611113e-02	3.028628e+00
8.519921539991995e-02	3.032377e+00
8.520343967123747e-02	3.036572e+00
8.520755172003028e-02	3.040703e+00
8.521318142171373e-02	3.046430e+00
8.522096643827320e-02	3.054478e+00
8.522504791809651e-02	3.058757e+00
8.522756672225100e-02	3.061417e+00
8.522920998860664e-02	3.063161e+00
8.523057153523265e-02	3.064611e+00
8.523215015230491e-02	3.066298e+00
8.523300525379005e-02	3.067214e+00
8.523418364402385e-02	3.068479e+00
8.523565914771389e-02	3.070067e+00
8.523703363914550e-02	3.071552e+00
8.523844557707924e-02	3.073081e+00
8.523999308064482e-02	3.074763e+00
8.524141853853040e-02	3.076318e+00
8.524288631060530e-02	3.077923e+00
8.524430507877519e-02	3.079479e+00
8.524575253281866e-02	3.081073e+00
8.524716716144495e-02	3.082634e+00
8.524857112950041e-02	3.084188e+00
8.524993721128961e-02	3.085705e+00
8.525128085856611e-02	3.087202e+00
8.525259122715965e-02	3.088665e+00
8.525388557550606e-02	3.090114e+00
8.525514093760664e-02	3.091522e+00
8.525635739126118e-02	3.092889e+00
8.525752622810380e-02	3.094206e+00
8.525864646606886e-02	3.095470e+00
8.525970325500953e-02	3.096664e+00
8.526086982901372e-02	3.097985e+00
8.526215985216987e-02	3.099449e+00
8.526362712590305e-02	3.101117e+00
8.526526424214527e-02	3.102982e+00
8.526714253696377e-02	3.105128e+00
8.526931875071818e-02	3.107622e+00
8.527192712566470e-02	3.110622e+00
8.527512951429039e-02	3.114321e+00
8.527923653525955e-02	3.119089e+00
8.528478480889155e-02	3.125573e+00
8.529292624685995e-02	3.135176e+00
8.530633912727119e-02	3.151212e+00
8.533316488809366e-02	3.184027e+00
8.533827203496021e-02	3.190401e+00
8.534848632869332e-02	3.203223e+00
8.535103990212660e-02	3.206449e+00
8.535111970129639e-02	3.206550e+00
8.535127929963597e-02	3.206752e+00
8.535159849631513e-02	3.207155e+00
8.535223688967344e-02	3.207962e+00
8.535351367639009e-02	3.209578e+00
8.535542386369163e-02	3.211998e+00
8.535817346111417e-02	3.215484e+00
8.536293031936786e-02	3.221520e+00
8.536965712003972e-02	3.230057e+00
8.537906115973116e-02	3.241969e+00
8.539786923911405e-02	3.265538e+00
8.539886923911405e-02	3.266781e+00
8.541486923911405e-02	3.286355e+00
8.541586923911405e-02	3.287557e+00
8.541786923911406e-02	3.289946e+00
8.541836923911406e-02	3.290542e+00
8.541936923911406e-02	3.291732e+00
8.542136923911406e-02	3.294099e+00
8.542186923911406e-02	3.294688e+00
8.542286923911406e-02	3.295861e+00
8.542408734895580e-02	3.297283e+00
8.542533895735828e-02	3.298732e+00
8.542634128893525e-02	3.299884e+00
8.542741785246141e-02	3.301109e+00
8.542828563926604e-02	3.302086e+00
8.542868434551801e-02	3.302532e+00
8.542910074705477e-02	3.302995e+00
8.542953992966597e-02	3.303481e+00
8.543001489447044e-02	3.304004e+00
8.543045757564127e-02	3.304489e+00
8.543091738305950e-02	3.304989e+00
8.543139209719992e-02	3.305503e+00
8.543189823857915e-02	3.306047e+00
8.543244191267053e-02	3.306628e+00
8.543303927710685e-02	3.307262e+00
8.543370648490936e-02	3.307965e+00
8.543446792375026e-02	3.308759e+00
8.543535563321136e-02	3.309676e+00
8.543641667429804e-02	3.310758e+00
8.543771984087134e-02	3.312068e+00
8.543936888339188e-02	3.313695e+00
8.544151133092057e-02	3.315760e+00
8.544428262401534e-02	3.318351e+00
8.544784291529244e-02	3.321550e+00
8.545365719292727e-02	3.326482e+00
8.546245012974404e-02	3.333299e+00
8.547397809676797e-02	3.341194e+00
8.548093605303146e-02	3.345337e+00
8.548986321251767e-02	3.349730e+00
8.549086321251767e-02	3.350154e+00
8.549543728671871e-02	3.351895e+00
8.549643728671871e-02	3.352232e+00
8.550153554764878e-02	3.353744e+00
8.550253554764878e-02	3.354001e+00
8.550876982580881e-02	3.355395e+00
8.550976982580881e-02	3.355587e+00
8.551559530208434e-02	3.356603e+00
8.551659530208434e-02	3.356762e+00
8.552273940625287e-02	3.357690e+00
8.552954714977225e-02	3.358680e+00
8.553762224340249e-02	3.359876e+00
8.554660933103445e-02	3.361292e+00
8.555739684639069e-02	3.363150e+00
8.557091485696118e-02	3.365723e+00
8.558978537438740e-02	3.369700e+00
8.562240115562833e-02	3.377289e+00
8.565919394357759e-02	3.386521e+00
8.570278082749246e-02	3.397944e+00
8.575492404312150e-02	3.411911e+00
8.582642671734803e-02	3.431168e+00
8.592141376828207e-02	3.456558e+00
8.605239333282649e-02	3.490957e+00
8.624565838183253e-02	3.540382e+00
8.660635797205138e-02	3.628797e+00
8.700779110619683e-02	3.721700e+00
8.714893522176759e-02	3.752950e+00
8.722939630371461e-02	3.770474e+00
8.727284817741766e-02	3.779863e+00
8.730087917668362e-02	3.785895e+00
8.732477035748684e-02	3.791022e+00
8.734978646767816e-02	3.796374e+00
8.737323446242239e-02	3.801375e+00
8.739714225730816e-02	3.806458e+00
8.742080056517433e-02	3.811471e+00
8.744455856020282e-02	3.816488e+00
8.746833059658074e-02	3.821490e+00
8.749215933132193e-02	3.826486e+00
8.751604274618353e-02	3.831477e+00
8.753995623126359e-02	3.836458e+00
8.756378111845768e-02	3.841403e+00
8.758709398849783e-02	3.846226e+00
8.760460818681497e-02	3.849839e+00
8.761502647355318e-02	3.851984e+00
8.762739990836781e-02	3.854528e+00
8.764144168056780e-02	3.857409e+00
8.766135588099916e-02	3.861485e+00
8.769706173510933e-02	3.868766e+00
8.775600500686956e-02	3.880708e+00
8.787389155039002e-02	3.904300e+00
8.799261153691953e-02	3.927671e+00
8.812874431678089e-02	3.953998e+00
8.820089111544210e-02	3.967748e+00
8.825005370532947e-02	3.977039e+00
8.829011949107311e-02	3.984564e+00
8.832657658277498e-02	3.991376e+00
8.836057576120780e-02	3.997699e+00
8.839279572744096e-02	4.003664e+00
8.842690439558426e-02	4.009951e+00
8.845796191698492e-02	4.015649e+00
8.848910391070755e-02	4.021339e+00
8.851986719674676e-02	4.026935e+00
8.855144669831165e-02	4.032656e+00
8.858489358556210e-02	4.038687e+00
8.862252616704712e-02	4.045441e+00
8.867096080481308e-02	4.054083e+00
8.871351210361661e-02	4.061632e+00
8.875858450705011e-02	4.069585e+00
8.880953677479395e-02	4.078520e+00
8.886567050890132e-02	4.088290e+00
8.893952194011498e-02	4.101025e+00
8.901483708928776e-02	4.113880e+00
8.909319604896285e-02	4.127120e+00
8.917212492465870e-02	4.140322e+00
8.925489594491157e-02	4.154019e+00
8.933949869673863e-02	4.167865e+00
8.942781113867042e-02	4.182154e+00
8.952593329683531e-02	4.197838e+00
8.964885402400324e-02	4.217205e+00
8.982408758228180e-02	4.244288e+00
8.997382260954181e-02	4.266948e+00
9.013918078214900e-02	4.291471e+00
9.019644930465689e-02	4.299843e+00
9.023819532722334e-02	4.305906e+00
9.026372665568473e-02	4.309599e+00
9.028684324207720e-02	4.312932e+00
9.031313625180794e-02	4.316710e+00
9.034829308791620e-02	4.321743e+00
9.039034560072094e-02	4.327734e+00
9.042867130898645e-02	4.333167e+00
9.046649652781365e-02	4.338502e+00
9.050342933643891e-02	4.343688e+00
9.054019261070241e-02	4.348825e+00
9.057651787754886e-02	4.353878e+00
9.061269700074351e-02	4.358888e+00
9.064878127835913e-02	4.363862e+00
9.068490386131704e-02	4.368819e+00
9.072111937209060e-02	4.373765e+00
9.075748034681735e-02	4.378710e+00
9.079398755927405e-02	4.383652e+00
9.083062160247046e-02	4.388588e+00
9.086735546588863e-02	4.393516e+00
9.090418284264527e-02	4.398433e+00
9.094524199211199e-02	4.403888e+00
9.099260851313314e-02	4.410147e+00
9.104833836959478e-02	4.417465e+00
9.111570125625029e-02	4.426243e+00
9.120039578009850e-02	4.437177e+00
9.131259097800523e-02	4.451486e+00
9.147261037013690e-02	4.471560e+00
9.172696172681113e-02	4.502676e+00
9.220550755371897e-02	4.558723e+00
9.294870338724327e-02	4.639787e+00
9.368918017630594e-02	4.713930e+00
9.454761299822008e-02	4.792472e+00
9.552417549822008e-02	4.873260e+00
9.650073799822008e-02	4.945987e+00
9.747730049822008e-02	5.011612e+00
9.845386299822008e-02	5.070971e+00
9.943042549822008e-02	5.124781e+00
1.004069879982201e-01	5.173660e+00
1.013835504982201e-01	5.218139e+00
1.023601129982201e-01	5.258679e+00
1.023611129982201e-01	5.258718e+00
1.023771129982201e-01	5.259350e+00
1.024091129982201e-01	5.260610e+00
1.024731129982201e-01	5.263119e+00
1.026009598369513e-01	5.268083e+00
1.027571749372986e-01	5.274074e+00
1.030696051379933e-01	5.285801e+00
1.035297593737362e-01	5.302474e+00
1.041501398036712e-01	5.323877e+00
1.051267023036712e-01	5.355247e+00
1.061032648036712e-01	5.383992e+00
1.070798273036712e-01	5.410336e+00
1.080563898036712e-01	5.434493e+00
1.090329523036712e-01	5.456653e+00
1.090339523036712e-01	5.456675e+00
1.090499523036712e-01	5.457022e+00
1.090819523036712e-01	5.457713e+00
1.091459523036712e-01	5.459090e+00
1.092739523036712e-01	5.461821e+00
1.095299523036712e-01	5.467194e+00
1.100419523036712e-01	5.477589e+00
1.110185148036712e-01	5.496193e+00
1.119950773036712e-01	5.513301e+00
1.129716398036712e-01	5.529027e+00
1.139482023036712e-01	5.543485e+00
1.149247648036712e-01	5.556777e+00
1.159013273036712e-01	5.569002e+00
1.168778898036712e-01	5.580245e+00
1.178544523036712e-01	5.590588e+00
1.188310148036712e-01	5.600103e+00
1.198075773036712e-01	5.608859e+00
1.207841398036712e-01	5.616916e+00
1.217607023036712e-01	5.624331e+00
1.227372648036712e-01	5.631155e+00
1.237138273036712e-01	5.637436e+00
1.246903898036712e-01	5.643218e+00
1.256669523036712e-01	5.648539e+00
1.266435148036712e-01	5.653438e+00
1.276200773036712e-01	5.657948e+00
1.285966398036712e-01	5.662100e+00
1.295732023036712e-01	5.665922e+00
1.305497648036712e-01	5.669440e+00
1.305507648036712e-01	5.669444e+00
1.305667648036712e-01	5.669499e+00
1.305987648036712e-01	5.669609e+00
1.306627648036712e-01	5.669828e+00
1.307907648036712e-01	5.670263e+00
1.310467648036712e-01	5.671119e+00
1.315587648036712e-01	5.672776e+00
1.325353273036712e-01	5.675747e+00
1.335118898036712e-01	5.678485e+00
1.344884523036712e-01	5.681006e+00
1.354650148036712e-01	5.683328e+00
1.364415773036712e-01	5.685466e+00
1.374181398036712e-01	5.687434e+00
1.383947023036712e-01	5.689246e+00
1.383957023036712e-01	5.689248e+00
1.384117023036712e-01	5.689276e+00
1.385077023036712e-01	5.689446e+00
1.386357023036712e-01	5.689670e+00
1.394037023036712e-01	5.690964e+00
1.403802648036712e-01	5.692494e+00
1.413568273036712e-01	5.693905e+00
1.423333898036712e-01	5.695204e+00
1.433099523036712e-01	5.696400e+00
1.442865148036712e-01	5.697501e+00
1.452630773036712e-01	5.698515e+00
1.462406398036712e-01	5.699449e+00
1.462566398036712e-01	5.699464e+00
1.463526398036712e-01	5.699551e+00
1.464806398036712e-01	5.699667e+00
1.467366398036712e-01	5.699893e+00
1.472486398036712e-01	5.700333e+00
1.482252023036712e-01	5.701122e+00
1.492017648036712e-01	5.701849e+00
1.501783273036712e-01	5.702518e+00
1.511548898036712e-01	5.703134e+00
1.521314523036712e-01	5.703701e+00
1.531080148036712e-01	5.704224e+00
1.540845773036712e-01	5.704704e+00
1.550611398036712e-01	5.705147e+00
1.560387023036712e-01	5.705555e+00
1.560547023036712e-01	5.705562e+00
1.560867023036712e-01	5.705575e+00
1.562787023036712e-01	5.705650e+00
1.565347023036712e-01	5.705750e+00
1.570467023036712e-01	5.705942e+00
1.580232648036712e-01	5.706286e+00
1.589998273036712e-01	5.706603e+00
1.599763898036712e-01	5.706895e+00
1.609529523036712e-01	5.707165e+00
1.619295148036712e-01	5.707412e+00
1.629060773036712e-01	5.707641e+00
1.638826398036712e-01	5.707850e+00
1.638836398036712e-01	5.707851e+00
1.639316398036712e-01	5.707860e+00
1.641236398036712e-01	5.707900e+00
1.643796398036712e-01	5.707951e+00
1.658682023036712e-01	5.708227e+00
1.668447648036712e-01	5.708391e+00
1.678213273036712e-01	5.708541e+00
1.687978898036712e-01	5.708680e+00
1.697744523036712e-01	5.708807e+00
1.707510148036712e-01	5.708925e+00
1.717275773036712e-01	5.709033e+00
1.727041398036712e-01	5.709133e+00
1.736807023036712e-01	5.709225e+00
1.746572648036712e-01	5.709309e+00
1.756338273036712e-01	5.709387e+00
1.766103898036712e-01	5.709459e+00
1.775869523036712e-01	5.709525e+00
1.785635148036712e-01	5.709585e+00
1.795400773036712e-01	5.709641e+00
1.805166398036712e-01	5.709692e+00
1.814932023036712e-01	5.709740e+00
1.824697648036712e-01	5.709784e+00
1.834463273036712e-01	5.709824e+00
1.844228898036712e-01	5.709861e+00
1.853994523036712e-01	5.709895e+00
1.863760148036712e-01	5.709926e+00
1.873525773036712e-01	5.709955e+00
1.883291398036712e-01	5.709982e+00
1.893057023036712e-01	5.710006e+00
1.893067023036712e-01	5.710006e+00
1.893227023036712e-01	5.710007e+00
1.893547023036712e-01	5.710007e+00
1.894187023036712e-01	5.710009e+00
1.895467023036712e-01	5.710012e+00
1.898027023036712e-01	5.710018e+00
1.903147023036713e-01	5.710029e+00
1.912912648036713e-01	5.710050e+00
1.922678273036713e-01	5.710069e+00
1.932443898036713e-01	5.710087e+00
1.942209523036713e-01	5.710103e+00
1.951975148036713e-01	5.710118e+00
1.961740773036713e-01	5.710131e+00
1.971506398036713e-01	5.710144e+00
1.971516398036713e-01	5.710144e+00
1.971676398036712e-01	5.710144e+00
1.971996398036713e-01	5.710145e+00
1.972636398036713e-01	5.710145e+00
1.973916398036712e-01	5.710147e+00
1.976476398036713e-01	5.710150e+00
1.981596398036713e-01	5.710156e+00
1.991362023036713e-01	5.710166e+00
2.001127648036713e-01	5.710176e+00
2.010893273036713e-01	5.710186e+00
2.020658898036713e-01	5.710194e+00
2.030424523036713e-01	5.710201e+00
2.040190148036713e-01	5.710208e+00
2.049955773036713e-01	5.710215e+00
2.049965773036713e-01	5.710215e+00
2.050125773036713e-01	5.710215e+00
2.050445773036713e-01	5.710215e+00
2.052365773036713e-01	5.710217e+00
2.054925773036713e-01	5.710218e+00
2.060045773036713e-01	5.710221e+00
2.069811398036713e-01	5.710227e+00
2.079577023036713e-01	5.710232e+00
2.089342648036713e-01	5.710236e+00
2.099108273036713e-01	5.710240e+00
2.108873898036713e-01	5.710245e+00
2.118639523036713e-01	5.710248e+00
2.128405148036713e-01	5.710251e+00
2.128415148036713e-01	5.710251e+00
2.128575148036713e-01	5.710251e+00
2.128895148036713e-01	5.710252e+00
2.129535148036713e-01	5.710252e+00
2.130815148036713e-01	5.710252e+00
2.133375148036713e-01	5.710253e+00
2.138495148036713e-01	5.710255e+00
2.148260773036713e-01	5.710258e+00
2.158026398036713e-01	5.710260e+00
2.167792023036713e-01	5.710262e+00
2.177557648036713e-01	5.710265e+00
2.187323273036713e-01	5.710267e+00
2.197088898036713e-01	5.710268e+00
2.206864523036713e-01	5.710270e+00
2.207344523036713e-01	5.710270e+00
2.207984523036713e-01	5.710270e+00
2.209264523036713e-01	5.710271e+00
2.211824523036713e-01	5.710271e+00
2.216944523036713e-01	5.710272e+00
2.226710148036713e-01	5.710273e+00
2.236475773036713e-01	5.710275e+00
2.246241398036713e-01	5.710276e+00
2.256007023036713e-01	5.710277e+00
2.265772648036713e-01	5.710278e+00
2.275538273036713e-01	5.710279e+00
2.285303898036713e-01	5.710280e+00
2.285313898036713e-01	5.710280e+00
2.285473898036713e-01	5.710280e+00
2.285793898036713e-01	5.710280e+00
2.286433898036713e-01	5.710280e+00
2.287713898036713e-01	5.710280e+00
2.290273898036713e-01	5.710280e+00
2.295393898036713e-01	5.710281e+00
2.305159523036713e-01	5.710282e+00
2.314925148036713e-01	5.710282e+00
2.324690773036713e-01	5.710283e+00
2.334456398036713e-01	5.710284e+00
2.344222023036713e-01	5.710284e+00
2.353987648036713e-01	5.710285e+00
2.363753273036713e-01	5.710285e+00
2.363763273036713e-01	5.710285e+00
2.363923273036713e-01	5.710285e+00
2.364243273036713e-01	5.710285e+00
2.364883273036713e-01	5.710285e+00
2.366163273036713e-01	5.710285e+00
2.368723273036713e-01	5.710285e+00
2.373843273036713e-01	5.710286e+00
2.383608898036713e-01	5.710286e+00
2.403140148036713e-01	5.710287e+00
2.422671398036713e-01	5.710287e+00
2.432437023036713e-01	5.710288e+00
2.442202648036713e-01	5.710288e+00
2.442212648036713e-01	5.710288e+00
2.442372648036713e-01	5.710288e+00
2.442692648036713e-01	5.710288e+00
2.443332648036713e-01	5.710288e+00
2.444612648036713e-01	5.710288e+00
2.447172648036713e-01	5.710288e+00
2.452292648036713e-01	5.710288e+00
2.462058273036713e-01	5.710288e+00
2.471823898036713e-01	5.710288e+00
2.481589523036713e-01	5.710289e+00
2.491355148036713e-01	5.710289e+00
2.510886398036714e-01	5.710289e+00
2.520652023036714e-01	5.710289e+00
2.520662023036713e-01	5.710289e+00
2.520822023036713e-01	5.710289e+00
2.521142023036713e-01	5.710289e+00
2.521782023036713e-01	5.710289e+00
2.523062023036713e-01	5.710289e+00
2.525622023036713e-01	5.710289e+00
2.530742023036713e-01	5.710289e+00
2.540507648036713e-01	5.710289e+00
2.550273273036713e-01	5.710289e+00
2.569804523036713e-01	5.710289e+00
2.579570148036713e-01	5.710289e+00
2.589335773036713e-01	5.710289e+00
2.599101398036713e-01	5.710289e+00
2.599111398036713e-01	5.710289e+00
2.599271398036713e-01	5.710289e+00
2.599591398036713e-01	5.710289e+00
2.600231398036713e-01	5.710289e+00
2.601511398036713e-01	5.710289e+00
2.604071398036713e-01	5.710289e+00
2.609191398036713e-01	5.710289e+00
2.618957023036713e-01	5.710290e+00
2.628722648036713e-01	5.710290e+00
2.648253898036713e-01	5.710290e+00
2.667785148036713e-01	5.710290e+00
2.677550773036713e-01	5.710290e+00
2.677560773036713e-01	5.710290e+00
2.677720773036713e-01	5.710290e+00
2.678040773036713e-01	5.710290e+00
2.678680773036713e-01	5.710290e+00
2.679960773036713e-01	5.710290e+00
2.682520773036713e-01	5.710290e+00
2.687640773036713e-01	5.710290e+00
2.697406398036713e-01	5.710290e+00
2.707172023036713e-01	5.710290e+00
2.716937648036713e-01	5.710290e+00
2.726703273036713e-01	5.710290e+00
2.736468898036713e-01	5.710290e+00
2.746234523036713e-01	5.710290e+00
2.756010148036713e-01	5.710290e+00
2.756490148036713e-01	5.710290e+00
2.757130148036713e-01	5.710290e+00
2.758410148036713e-01	5.710290e+00
2.760970148036713e-01	5.710290e+00
2.766090148036713e-01	5.710290e+00
2.775855773036713e-01	5.710290e+00
2.795387023036713e-01	5.710290e+00
2.805152648036713e-01	5.710290e+00
2.834459523036713e-01	5.710290e+00
2.834619523036713e-01	5.710290e+00
2.834939523036712e-01	5.710290e+00
2.835579523036713e-01	5.710290e+00
2.836859523036713e-01	5.710290e+00
2.839419523036713e-01	5.710290e+00
2.844539523036713e-01	5.710290e+00
2.854305148036713e-01	5.710290e+00
2.864070773036713e-01	5.710290e+00
2.873836398036713e-01	5.710290e+00
2.883602023036713e-01	5.710290e+00
2.893367648036713e-01	5.710290e+00
2.903133273036713e-01	5.710290e+00
2.912898898036713e-01	5.710290e+00
2.912908898036712e-01	5.710290e+00
2.913388898036712e-01	5.710290e+00
2.914028898036712e-01	5.710290e+00
2.915308898036713e-01	5.710290e+00
2.917868898036712e-01	5.710290e+00
2.922988898036712e-01	5.710290e+00
2.942520148036712e-01	5.710290e+00
2.952285773036712e-01	5.710290e+00
2.981582648036712e-01	5.710290e+00
2.991358273036712e-01	5.710290e+00
2.991518273036712e-01	5.710290e+00
2.991838273036712e-01	5.710290e+00
2.992478273036712e-01	5.710290e+00
2.993758273036712e-01	5.710290e+00
3.001438273036712e-01	5.710290e+00
3.011203898036712e-01	5.710290e+00
3.020969523036712e-01	5.710290e+00
3.030735148036712e-01	5.710290e+00
3.040500773036712e-01	5.710290e+00
3.050266398036712e-01	5.710290e+00
3.069797648036712e-01	5.710290e+00
3.069807648036712e-01	5.710290e+00
3.069967648036712e-01	5.710290e+00
3.070287648036712e-01	5.710290e+00
3.070927648036712e-01	5.710290e+00
3.072207648036712e-01	5.710290e+00
3.074767648036712e-01	5.710290e+00
3.079887648036712e-01	5.710290e+00
3.089653273036712e-01	5.710290e+00
3.099418898036712e-01	5.710290e+00
3.109184523036712e-01	5.710290e+00
3.118950148036712e-01	5.710290e+00
3.128715773036712e-01	5.710290e+00
3.138481398036712e-01	5.710290e+00
3.148257023036712e-01	5.710290e+00
3.148417023036712e-01	5.710290e+00
3.148737023036712e-01	5.710290e+00
3.149377023036712e-01	5.710290e+00
3.150657023036712e-01	5.710290e+00
3.153217023036712e-01	5.710290e+00
3.168102648036712e-01	5.710290e+00
3.187633898036712e-01	5.710290e+00
3.197399523036712e-01	5.710290e+00
3.216930773036712e-01	5.710290e+00
3.226696398036712e-01	5.710290e+00
3.226706398036712e-01	5.710290e+00
3.226866398036712e-01	5.710290e+00
3.227186398036712e-01	5.710290e+00
3.227826398036712e-01	5.710290e+00
3.229106398036712e-01	5.710290e+00
3.231666398036712e-01	5.710290e+00
3.236786398036712e-01	5.710290e+00
3.246552023036712e-01	5.710290e+00
3.256317648036712e-01	5.710290e+00
3.266083273036712e-01	5.710290e+00
3.275848898036712e-01	5.710290e+00
3.295380148036712e-01	5.710290e+00
3.305155773036711e-01	5.710290e+00
3.305315773036712e-01	5.710290e+00
3.305635773036711e-01	5.710290e+00
3.306275773036711e-01	5.710290e+00
3.307555773036712e-01	5.710290e+00
3.310115773036711e-01	5.710290e+00
3.315235773036712e-01	5.710290e+00
3.325001398036712e-01	5.710290e+00
3.334767023036712e-01	5.710290e+00
3.364063898036712e-01	5.710290e+00
3.373829523036712e-01	5.710290e+00
3.383595148036712e-01	5.710290e+00
3.393360773036712e-01	5.710290e+00
3.403126398036712e-01	5.710290e+00
3.412892023036712e-01	5.710290e+00
3.422657648036712e-01	5.710290e+00
3.432423273036712e-01	5.710290e+00
3.442188898036712e-01	5.710290e+00
3.451954523036712e-01	5.710290e+00
3.461720148036712e-01	5.710290e+00
3.500782648036712e-01	5.710290e+00
3.510548273036712e-01	5.710290e+00
3.520313898036712e-01	5.710290e+00
3.530079523036712e-01	5.710290e+00
3.539845148036712e-01	5.710290e+00
3.549610773036712e-01	5.710290e+00
3.559376398036712e-01	5.710290e+00
3.569142023036712e-01	5.710290e+00
3.578907648036712e-01	5.710290e+00
3.608204523036712e-01	5.710290e+00
3.617970148036712e-01	5.710290e+00
3.637501398036712e-01	5.710290e+00
3.657032648036712e-01	5.710290e+00
3.666798273036712e-01	5.710290e+00
3.676563898036712e-01	5.710290e+00
3.686329523036712e-01	5.710290e+00
3.696095148036712e-01	5.710290e+00
3.715626398036712e-01	5.710290e+00
3.725392023036712e-01	5.710290e+00
3.735157648036712e-01	5.710290e+00
3.744923273036712e-01	5.710290e+00
3.764454523036712e-01	5.710290e+00
3.774220148036712e-01	5.710290e+00
3.783985773036712e-01	5.710290e+00
3.793751398036712e-01	5.710290e+00
3.803517023036712e-01	5.710290e+00
3.813282648036712e-01	5.710290e+00
3.823048273036712e-01	5.710290e+00
3.832813898036712e-01	5.710290e+00
3.842579523036712e-01	5.710290e+00
3.852345148036712e-01	5.710290e+00
3.862110773036712e-01	5.710290e+00
3.870481308750997e-01	5.710290e+00
3.878851844465283e-01	5.710290e+00
3.887222380179569e-01	5.710290e+00
3.895592915893855e-01	5.710290e+00
3.903963451608140e-01	5.710290e+00
3.912333987322426e-01	5.710290e+00
3.920704523036712e-01	5.710290e+00
3.930470148036712e-01	5.710290e+00
3.940235773036712e-01	5.710290e+00
3.950001398036712e-01	5.710290e+00
3.959767023036712e-01	5.710290e+00
3.979298273036712e-01	5.710290e+00
3.989063898036712e-01	5.710290e+00
3.998829523036712e-01	5.710290e+00
4.008595148036712e-01	5.710290e+00
4.028126398036712e-01	5.710290e+00
4.037892023036712e-01	5.710290e+00
4.047657648036712e-01	5.710290e+00
4.057423273036712e-01	5.710290e+00
4.076954523036712e-01	5.710290e+00
4.116017023036712e-01	5.710290e+00
4.125782648036712e-01	5.710290e+00
4.135548273036712e-01	5.710290e+00
4.155079523036712e-01	5.710290e+00
4.164845148036712e-01	5.710290e+00
4.194142023036712e-01	5.710290e+00
4.203907648036712e-01	5.710290e+00
4.223438898036712e-01	5.710290e+00
4.233204523036712e-01	5.710290e+00
4.242970148036712e-01	5.710290e+00
4.252735773036712e-01	5.710290e+00
4.282032648036712e-01	5.710290e+00
4.291798273036712e-01	5.710290e+00
4.311329523036712e-01	5.710290e+00
4.330860773036712e-01	5.710290e+00
4.340626398036712e-01	5.710290e+00
4.369923273036712e-01	5.710290e+00
4.379688898036712e-01	5.710290e+00
4.389454523036712e-01	5.710290e+00
4.408985773036712e-01	5.710290e+00
4.428517023036712e-01	5.710290e+00
4.438282648036712e-01	5.710290e+00
4.448048273036712e-01	5.710290e+00
4.467579523036712e-01	5.710290e+00
4.477345148036712e-01	5.710290e+00
4.506642023036712e-01	5.710290e+00
4.516407648036712e-01	5.710290e+00
4.535938898036712e-01	5.710290e+00
4.555470148036712e-01	5.710290e+00
4.565235773036712e-01	5.710290e+00
4.584767023036712e-01	5.710290e+00
4.604298273036712e-01	5.710290e+00
4.633595148036712e-01	5.710290e+00
4.653126398036712e-01	5.710290e+00
4.672657648036712e-01	5.710290e+00
4.692188898036712e-01	5.710290e+00
4.701954523036712e-01	5.710290e+00
4.711720148036712e-01	5.710290e+00
4.741017023036712e-01	5.710290e+00
4.750782648036712e-01	5.710290e+00
4.760548273036712e-01	5.710290e+00
4.770313898036712e-01	5.710290e+00
4.780079523036712e-01	5.710290e+00
4.789845148036712e-01	5.710290e+00
4.799610773036712e-01	5.710290e+00
4.819142023036712e-01	5.710290e+00
4.828907648036712e-01	5.710290e+00
4.838673273036712e-01	5.710290e+00
4.848438898036712e-01	5.710290e+00
4.858204523036712e-01	5.710290e+00
4.877735773036712e-01	5.710290e+00
4.887501398036712e-01	5.710290e+00
4.897267023036712e-01	5.710290e+00
4.926563898036712e-01	5.710290e+00
4.936329523036712e-01	5.710290e+00
4.946095148036712e-01	5.710290e+00
4.965626398036712e-01	5.710290e+00
4.975392023036712e-01	5.710290e+00
4.985157648036712e-01	5.710290e+00
5.000000000000000e-01	5.710290e+00
5.009765625000000e-01	5.710290e+00
5.010000000000000e-01	5.710290e+00
5.013750000000000e-01	5.710290e+00
5.021250000000000e-01	5.710290e+00
5.031015625000000e-01	5.710290e+00
5.050546875000000e-01	5.710290e+00
5.060312500000000e-01	5.710290e+00
5.089609375000000e-01	5.710290e+00
5.099375000000000e-01	5.710290e+00
5.128671875000000e-01	5.710290e+00
5.148203125000000e-01	5.710290e+00
5.157968750000000e-01	5.710290e+00
5.167734375000000e-01	5.710290e+00
5.187265625000000e-01	5.710290e+00
5.197031250000000e-01	5.710290e+00
5.206796875000000e-01	5.710290e+00
5.236093750000000e-01	5.710290e+00
5.255625000000000e-01	5.710290e+00
5.265390625000000e-01	5.710290e+00
5.284921875000000e-01	5.710290e+00
5.294687500000000e-01	5.710290e+00
5.304453125000000e-01	5.710290e+00
5.314218750000000e-01	5.710290e+00
5.353281250000000e-01	5.710290e+00
5.372812500000000e-01	5.710290e+00
5.382578125000000e-01	5.710290e+00
5.392343750000000e-01	5.710290e+00
5.402109375000000e-01	5.710290e+00
5.421640625000000e-01	5.710290e+00
5.431406250000000e-01	5.710290e+00
5.441171875000000e-01	5.710290e+00
5.450937500000000e-01	5.710290e+00
5.460703125000000e-01	5.710290e+00
5.470468750000000e-01	5.710290e+00
5.480234375000000e-01	5.710290e+00
5.499765625000000e-01	5.710290e+00
5.548593750000000e-01	5.710290e+00
5.558359375000000e-01	5.710290e+00
5.568125000000000e-01	5.710290e+00
5.587656250000000e-01	5.710290e+00
5.597421875000000e-01	5.710290e+00
5.616953125000000e-01	5.710290e+00
5.626718750000000e-01	5.710290e+00
5.636484375000000e-01	5.710290e+00
5.656015625000000e-01	5.710290e+00
5.665781250000000e-01	5.710290e+00
5.675546875000000e-01	5.710290e+00
5.685312500000000e-01	5.710290e+00
5.704843750000000e-01	5.710290e+00
5.714609375000000e-01	5.710290e+00
5.724375000000000e-01	5.710290e+00
5.743906250000000e-01	5.710290e+00
5.753671875000000e-01	5.710290e+00
5.763437500000000e-01	5.710290e+00
5.773203125000000e-01	5.710290e+00
5.782968750000000e-01	5.710290e+00
5.792734375000000e-01	5.710290e+00
5.802500000000000e-01	5.710290e+00
5.812265625000000e-01	5.710290e+00
5.822031250000000e-01	5.710290e+00
5.851328125000000e-01	5.710290e+00
5.861093750000000e-01	5.710290e+00
5.870859375000000e-01	5.710290e+00
5.880625000000000e-01	5.710290e+00
5.900156250000000e-01	5.710290e+00
5.909921875000000e-01	5.710290e+00
5.919687500000000e-01	5.710290e+00
5.929453125000000e-01	5.710290e+00
5.939218750000000e-01	5.710290e+00
5.958750000000000e-01	5.710290e+00
5.968515625000000e-01	5.710290e+00
5.978281250000000e-01	5.710290e+00
5.997812500000000e-01	5.710290e+00
6.007578125000000e-01	5.710290e+00
6.010000000000000e-01	5.710290e+00
6.019765625000000e-01	5.710290e+00
6.020000000000000e-01	5.710290e+00
6.023750000000000e-01	5.710290e+00
6.031250000000000e-01	5.710290e+00
6.041015625000000e-01	5.710290e+00
6.060546875000000e-01	5.710290e+00
6.089843750000000e-01	5.710290e+00
6.099609375000000e-01	5.710290e+00
6.119140625000000e-01	5.710290e+00
6.128906250000000e-01	5.710290e+00
6.138671875000000e-01	5.710290e+00
6.148437500000000e-01	5.710290e+00
6.158203125000000e-01	5.710290e+00
6.167968750000000e-01	5.710290e+00
6.187500000000000e-01	5.710290e+00
6.197265625000000e-01	5.710290e+00
6.207031250000000e-01	5.710290e+00
6.216796875000000e-01	5.710290e+00
6.226562500000000e-01	5.710290e+00
6.236328125000000e-01	5.710290e+00
6.246093750000000e-01	5.710290e+00
6.255859375000000e-01	5.710290e+00
6.275390625000000e-01	5.710290e+00
6.285156250000000e-01	5.710290e+00
6.294921875000000e-01	5.710290e+00
6.314453125000000e-01	5.710290e+00
6.353515625000000e-01	5.710290e+00
6.363281250000000e-01	5.710290e+00
6.373046875000000e-01	5.710290e+00
6.392578125000000e-01	5.710290e+00
6.431640625000000e-01	5.710290e+00
6.441406250000000e-01	5.710290e+00
6.451171875000000e-01	5.710290e+00
6.480468750000000e-01	5.710290e+00
6.490234375000000e-01	5.710290e+00
6.500000000000000e-01	5.710290e+00
6.509765625000000e-01	5.710290e+00
6.519531250000000e-01	5.710290e+00
6.548828125000000e-01	5.710290e+00
6.568359375000000e-01	5.710290e+00
6.578125000000000e-01	5.710290e+00
6.587890625000000e-01	5.710290e+00
6.607421875000000e-01	5.710290e+00
6.626953125000000e-01	5.710290e+00
6.636718750000000e-01	5.710290e+00
6.646484375000000e-01	5.710290e+00
6.656250000000000e-01	5.710290e+00
6.675781250000000e-01	5.710290e+00
6.685546875000000e-01	5.710290e+00
6.695312500000000e-01	5.710290e+00
6.705078125000000e-01	5.710290e+00
6.714843750000000e-01	5.710290e+00
6.724609375000000e-01	5.710290e+00
6.734375000000000e-01	5.710290e+00
6.753906250000000e-01	5.710290e+00
6.763671875000000e-01	5.710290e+00
6.773437500000000e-01	5.710290e+00
6.792968750000000e-01	5.710290e+00
6.812500000000000e-01	5.710290e+00
6.832031250000000e-01	5.710290e+00
6.841796875000000e-01	5.710290e+00
6.851562500000000e-01	5.710290e+00
6.861328125000000e-01	5.710290e+00
6.871093750000000e-01	5.710290e+00
6.880859375000000e-01	5.710290e+00
6.900390625000000e-01	5.710290e+00
6.910156250000000e-01	5.710290e+00
6.919921875000000e-01	5.710290e+00
6.929687500000000e-01	5.710290e+00
6.939453125000000e-01	5.710290e+00
6.949218750000000e-01	5.710290e+00
6.958984375000000e-01	5.710290e+00
6.968750000000000e-01	5.710290e+00
6.978515625000000e-01	5.710290e+00
6.998046875000000e-01	5.710290e+00
7.000000000000001e-01	5.710290e+00
7.009765625000001e-01	5.710290e+00
7.010000000000001e-01	5.710290e+00
7.013750000000001e-01	5.710290e+00
7.021250000000001e-01	5.710290e+00
7.031015625000001e-01	5.710290e+00
7.040781250000001e-01	5.710290e+00
7.060312500000001e-01	5.710290e+00
7.070078125000001e-01	5.710290e+00
7.079843750000001e-01	5.710290e+00
7.089609375000001e-01	5.710290e+00
7.099375000000001e-01	5.710290e+00
7.109140625000001e-01	5.710290e+00
7.110000000000001e-01	5.710290e+00
7.119765625000001e-01	5.710290e+00
7.120000000000001e-01	5.710290e+00
7.123750000000001e-01	5.710290e+00
7.131250000000001e-01	5.710290e+00
7.141015625000001e-01	5.710290e+00
7.150781250000001e-01	5.710290e+00
7.160546875000001e-01	5.710290e+00
7.168917410714287e-01	5.710290e+00
7.177287946428572e-01	5.710290e+00
7.185658482142858e-01	5.710290e+00
7.194029017857144e-01	5.710290e+00
7.202399553571430e-01	5.710290e+00
7.210770089285715e-01	5.710290e+00
7.219140625000001e-01	5.710290e+00
7.228906250000001e-01	5.710290e+00
7.238671875000001e-01	5.710290e+00
7.248437500000001e-01	5.710290e+00
7.258203125000001e-01	5.710290e+00
7.267968750000001e-01	5.710290e+00
7.277734375000001e-01	5.710290e+00
7.287500000000001e-01	5.710290e+00
7.297265625000001e-01	5.710290e+00
7.307031250000001e-01	5.710290e+00
7.316796875000001e-01	5.710290e+00
7.326562500000001e-01	5.710290e+00
7.346093750000001e-01	5.710290e+00
7.355859375000001e-01	5.710290e+00
7.365625000000001e-01	5.710290e+00
7.385156250000001e-01	5.710290e+00
7.414453125000001e-01	5.710290e+00
7.424218750000001e-01	5.710290e+00
7.433984375000001e-01	5.710290e+00
7.443750000000001e-01	5.710290e+00
7.453515625000001e-01	5.710290e+00
7.463281250000001e-01	5.710290e+00
7.502343750000001e-01	5.710290e+00
7.512109375000001e-01	5.710290e+00
7.531640625000001e-01	5.710290e+00
7.541406250000001e-01	5.710290e+00
7.570703125000001e-01	5.710290e+00
7.580468750000001e-01	5.710290e+00
7.600000000000001e-01	5.710290e+00
7.609765625000001e-01	5.710290e+00
7.619531250000001e-01	5.710290e+00
7.629296875000001e-01	5.710290e+00
7.639062500000001e-01	5.710290e+00
7.648828125000001e-01	5.710290e+00
7.668359375000001e-01	5.710290e+00
7.678125000000001e-01	5.710290e+00
7.687890625000001e-01	5.710290e+00
7.707421875000001e-01	5.710290e+00
7.726953125000001e-01	5.710290e+00
7.736718750000001e-01	5.710290e+00
7.746484375000001e-01	5.710290e+00
7.756250000000001e-01	5.710290e+00
7.766015625000001e-01	5.710290e+00
7.775781250000001e-01	5.710290e+00
7.795312500000001e-01	5.710290e+00
7.805078125000001e-01	5.710290e+00
7.814843750000001e-01	5.710290e+00
7.834375000000001e-01	5.710290e+00
7.853906250000001e-01	5.710290e+00
7.873437500000001e-01	5.710290e+00
7.892968750000001e-01	5.710290e+00
7.902734375000001e-01	5.710290e+00
7.912500000000001e-01	5.710290e+00
7.932031250000001e-01	5.710290e+00
7.951562500000001e-01	5.710290e+00
7.971093750000001e-01	5.710290e+00
7.990625000000001e-01	5.710290e+00
7.997600446428572e-01	5.710290e+00
8.004575892857144e-01	5.710290e+00
8.011551339285715e-01	5.710290e+00
8.018526785714287e-01	5.710290e+00
8.025502232142858e-01	5.710290e+00
8.032477678571430e-01	5.710290e+00
8.039453125000001e-01	5.710290e+00
8.049218750000001e-01	5.710290e+00
8.078515625000001e-01	5.710290e+00
8.088281250000001e-01	5.710290e+00
8.098046875000001e-01	5.710290e+00
8.107812500000001e-01	5.710290e+00
8.117578125000001e-01	5.710290e+00
8.127343750000001e-01	5.710290e+00
8.137109375000001e-01	5.710290e+00
8.146875000000001e-01	5.710290e+00
8.156640625000001e-01	5.710290e+00
8.166406250000001e-01	5.710290e+00
8.176171875000001e-01	5.710290e+00
8.205468750000001e-01	5.710290e+00
8.234765625000001e-01	5.710290e+00
8.244531250000001e-01	5.710290e+00
8.254296875000001e-01	5.710290e+00
8.273828125000001e-01	5.710290e+00
8.283593750000001e-01	5.710290e+00
8.303125000000001e-01	5.710290e+00
8.312890625000001e-01	5.710290e+00
8.319866071428572e-01	5.710290e+00
8.326841517857144e-01	5.710290e+00
8.333816964285715e-01	5.710290e+00
8.340792410714287e-01	5.710290e+00
8.347767857142858e-01	5.710290e+00
8.354743303571430e-01	5.710290e+00
8.361718750000001e-01	5.710290e+00
8.381250000000001e-01	5.710290e+00
8.400781250000001e-01	5.710290e+00
8.410546875000001e-01	5.710290e+00
8.439843750000001e-01	5.710290e+00
8.449609375000001e-01	5.710290e+00
8.459375000000001e-01	5.710290e+00
8.469140625000001e-01	5.710290e+00
8.478906250000001e-01	5.710290e+00
8.488671875000001e-01	5.710290e+00
8.498437500000001e-01	5.710290e+00
8.508203125000001e-01	5.710290e+00
8.517968750000001e-01	5.710290e+00
8.527734375000001e-01	5.710290e+00
8.537500000000001e-01	5.710290e+00
8.557031250000001e-01	5.710290e+00
8.566796875000001e-01	5.710290e+00
8.576562500000001e-01	5.710290e+00
8.596093750000001e-01	5.710290e+00
8.605859375000001e-01	5.710290e+00
8.635156250000001e-01	5.710290e+00
8.644921875000001e-01	5.710290e+00
8.654687500000001e-01	5.710290e+00
8.674218750000001e-01	5.710290e+00
8.683984375000001e-01	5.710290e+00
8.693750000000001e-01	5.710290e+00
8.702120535714287e-01	5.710290e+00
8.710491071428572e-01	5.710290e+00
8.718861607142858e-01	5.710290e+00
8.727232142857144e-01	5.710290e+00
8.735602678571430e-01	5.710290e+00
8.743973214285715e-01	5.710290e+00
8.752343750000001e-01	5.710290e+00
8.771875000000001e-01	5.710290e+00
8.781640625000001e-01	5.710290e+00
8.801171875000001e-01	5.710290e+00
8.820703125000001e-01	5.710290e+00
8.840234375000001e-01	5.710290e+00
8.850000000000001e-01	5.710290e+00
8.869531250000001e-01	5.710290e+00
8.879296875000001e-01	5.710290e+00
8.889062500000001e-01	5.710290e+00
8.898828125000001e-01	5.710290e+00
8.908593750000001e-01	5.710290e+00
8.937890625000001e-01	5.710290e+00
8.957421875000001e-01	5.710290e+00
8.967187500000001e-01	5.710290e+00
8.986718750000001e-01	5.710290e+00
9.016015625000001e-01	5.710290e+00
9.025781250000001e-01	5.710290e+00
9.035546875000001e-01	5.710290e+00
9.045312500000001e-01	5.710290e+00
9.055078125000001e-01	5.710290e+00
9.084375000000001e-01	5.710290e+00
9.094140625000001e-01	5.710290e+00
9.113671875000001e-01	5.710290e+00
9.123437500000001e-01	5.710290e+00
9.142968750000001e-01	5.710290e+00
9.152734375000001e-01	5.710290e+00
9.182031250000001e-01	5.710290e+00
9.191796875000001e-01	5.710290e+00
9.211328125000001e-01	5.710290e+00
9.221093750000001e-01	5.710290e+00
9.230859375000001e-01	5.710290e+00
9.250390625000001e-01	5.710290e+00
9.260156250000001e-01	5.710290e+00
9.269921875000001e-01	5.710290e+00
9.279687500000001e-01	5.710290e+00
9.299218750000001e-01	5.710290e+00
9.308984375000001e-01	5.710290e+00
9.328515625000001e-01	5.710290e+00
9.338281250000001e-01	5.710290e+00
9.357812500000001e-01	5.710290e+00
9.367578125000001e-01	5.710290e+00
9.377343750000001e-01	5.710290e+00
9.396875000000001e-01	5.710290e+00
9.416406250000001e-01	5.710290e+00
9.426171875000001e-01	5.710290e+00
9.435937500000001e-01	5.710290e+00
9.455468750000001e-01	5.710290e+00
9.465234375000001e-01	5.710290e+00
9.475000000000001e-01	5.710290e+00
9.494531250000001e-01	5.710290e+00
9.504296875000001e-01	5.710290e+00
9.514062500000001e-01	5.710290e+00
9.523828125000001e-01	5.710290e+00
9.533593750000001e-01	5.710290e+00
9.543359375000001e-01	5.710290e+00
9.562890625000001e-01	5.710290e+00
9.582421875000001e-01	5.710290e+00
9.611718750000001e-01	5.710290e+00
9.621484375000001e-01	5.710290e+00
9.631250000000001e-01	5.710290e+00
9.660546875000001e-01	5.710290e+00
9.670312500000001e-01	5.710290e+00
9.689843750000001e-01	5.710290e+00
9.709375000000001e-01	5.710290e+00
9.719140625000001e-01	5.710290e+00
9.748437500000001e-01	5.710290e+00
9.758203125000001e-01	5.710290e+00
9.777734375000001e-01	5.710290e+00
9.787500000000001e-01	5.710290e+00
9.797265625000001e-01	5.710290e+00
9.816796875000001e-01	5.710290e+00
9.826562500000001e-01	5.710290e+00
9.836328125000001e-01	5.710290e+00
9.846093750000001e-01	5.710290e+00
9.865625000000001e-01	5.710290e+00
9.875390625000001e-01	5.710290e+00
9.894921875000001e-01	5.710290e+00
9.914453125000001e-01	5.710290e+00
9.933984375000001e-01	5.710290e+00
9.953515625000001e-01	5.710290e+00
9.982812500000001e-01	5.710290e+00
1.000000000000000e+00	5.710290e+00
